1000001568312348672
1000011266860244992
1000012141687132160
1000024831079919617
1000031386852610048
1000043790411935744
1000044792259235840
1000045777023094784
1000048738054885376
1000051905580683264
1000053997691121665
1000058315081158656
1000060245803261958
1000063191794241536
1000067376451407873
1000071192726986752
1000073343763140608
1000074548367319046
1000075793488404480
1000077245279502337
1000078811080294400
1000079803490422784
1000080544846278657
1000084469091532800
1000087933184020480
1000090604431396864
1000092238981017601
1000092683015217152
1000094950309138432
1000100705577979904
1000105317580115968
1000106605273370624
1000106831778320384
1000107080601108480
1000111991669907456
1000114273744556034
1000116503641866240
1000118658289602563
1000165200983715840
1000168894944940032
1000170812132003840
1000174202727616513
1000183655648694272
1000184925201551360
1000190842588618752
1000194294937014274
1000194847884611584
1000195149245440000
1000202825664749569
1000215800630956033
1000217250509606912
1000219327830818821
1000222159921451008
1000223834853838848
1000225356404740096
1000226333954371587
1000227995351683073
1000230116209938432
1000233072497954821
1000236426464841728
1000238196595331073
1000240090382299136
1000243187393466368
1000246325542256640
1000256470070562816
1000257747043127297
1000259866697576448
1000261251078017024
1000265952221650944
1000267792858406912
1000271777736675328
1000273447224737793
1000275946920972289
1000279628748087296
1000281457523339264
1000284250342555649
1000286629104377856
1000287488374689797
1000290545217036288
1000292474965909505
1000306125491834882
1000309128944865281
1000309549386096647
1000310890690940928
1000313362704715776
1000327796982415360
1000333971002191872
1000347315998248960
1000348060558548993
1000350444437176320
1000352269194448897
1000353029793689600
1000354865342754816
1000356680553717761
1000358672026030080
1000361297345642497
1000363780566634499
1000364984562483201
1000367288971878400
1000369489492488192
1000371714252042241
1000373089845284869
1000375243884593152
1000376624737636352
1000377392865726464
1000378508445659137
1000379838157508608
1000380271349391360
1000381012432637952
1000381618228547590
1000383133122990081
1000385162490908672
1000386947918024704
1000387731552432128
1000388009399914498
1000388685395910657
1000390137346428929
1000390738499260416
1000391135934713858
1000391917962760192
1000393511949209603
1000394939564544001
1000396649607368704
1000397644995420161
1000398824760860672
1000400054350483458
1000401557987430402
1000403403028287489
1000405090791034880
1000407055461740545
1000408490769354752
1000409970209419264
1000411774116618240
1000413031472517125
1000415468497367040
1000416673814458370
1000418017346510849
1000419844569911296
1000421504151179264
1000423305445298179
1000423818752679936
1000424477212270598
1000425013940498433
1000425456347344897
1000425919218151424
1000426852408840192
1000428174487052291
1000474060424450049
1000476150588682242
1000481502688366594
1000483435234955264
1000488762227527680
1000495468982493184
1000497970767384577
1000502944779980800
1000511131990069248
1000512715805380608
1000513474835959808
1000514502746570753
1000515052808622080
1000515930802327552
1000516805620830208
1000517952330977280
1000518852395008001
1000519745928605697
1000520472214335488
1000521346403782658
1000522102989053954
1000523311871414272
1000524098827628544
1000525068886331392
1000525938579394560
1000527321449881602
1000531712722563072
1000533226363019264
1000535864471154689
1000537185123258372
1000544283609518081
1000546540749053953
1000551823118422016
1000553098325131264
1000557264032423936
1000557549807169536
1000561506927423488
1000566283820298240
1000572660542332933
1000573688213921793
1000576002941247488
1000579938976747522
1000582216529973248
1000583299092439040
1000584640900599808
1000587748347170816
1000590554667913216
1000591105463914496
1000591934501670912
1000593528446160896
1000596539021123586
1000597446496542720
1000598812455526400
1000599696530984961
1000602894662545408
1000607016669339649
1000618620475584512
1000620632072228865
1000623049970987008
1000625843037753345
1000630150889959424
1000633848827465728
1000637042462781441
1000638355724480512
1000640955429654528
1000643728057491456
1000646088125288448
1000649147651850240
1000650880528633856
1000653465230639104
1000657760277663744
1000659122864513024
1000662489636442112
1000663707247136768
1000664668980043777
1000668340170444800
1000671025481297920
1000672795318194176
1000673345376047104
1000674382585516032
1000680043700523008
1000681214930509825
1000682362601201665
1000683719957598208
1000685667888828416
1000687162101239809
1000688103374381056
1000694988580294657
1000697069059919878
1000699739929792512
1000701246918090753
1000704185892069377
1000707029684621312
1000738916046172160
1000740266117038085
1000744291663216640
1000746112091910144
1000748268643635200
1000751922096328704
1000753868018520064
1000754704392052737
1000755365523443712
1000756254392967170
1000757803890495488
1000758929650081792
1000759560007835648
1000760356606799878
1000761968943394816
1000763045726097408
1000764344882343938
1000765012544315393
1000765528326180865
1000766318637993991
1000837156838002688
1000840388972818432
1000845461454979072
1000847381125091330
1000851143017320453
1000852863365632002
1000861219711062016
1000866787347529733
1000867675315294209
1000872932372033537
1000878035741093888
1000879762376716290
1000882436698464256
1000885078208196611
1000885663653355520
1000891162989821957
1000892336761655296
1000908468168085509
1000912396267945985
1000917336059203585
1000922320670744577
1000927262605225984
1000929895281758210
1000931752821579777
1000934234020827136
1000937467002937344
1000939355710676993
1000942307481391104
1000942580408946688
1000944692480094208
1000947646473953281
1000950662153285633
1000952104897331200
1000955158166196224
1000957644608364545
1000963528881262593
1000967489419972609
1000972955776667649
1000973949247918080
1000977148423888896
1000978141349928960
1000981382154289152
1000982060863979520
1000984840559349761
1000986514451566592
1000988357097414661
1000990129685712901
1000990918265262080
1000994386962984961
1000996159849222145
1000997549770231808
1001000395731333121
1001002275316338688
1001002281712738305
1001003583377170432
1001004412524027904
1001005595858755584
1001007518150283266
1001008843382550528
1001010700297408512
1001011120348463104
1001018396916551681
1001021456740945920
1001022711999684608
1001024570973974528
1001027284420235265
1001029983467339776
1001034256213336065
1001037013750026240
1001039696670220288
1001042001012379649
1001045919406665728
1001049128040849408
1001052799315169280
1001055023533625344
1001056341631397888
1001058260990996481
1001059998355656704
1001060738641866752
1001063449680596992
1001064739210973184
1001065444462268416
1001067050041737216
1001067864068186113
1001069195927408640
1001072090555052032
1001076764788051968
1001085542698749952
1001086557191843841
1001091975536398336
1001097468581380096
1001099363588898818
1001104586386571265
1001107289061953536
1001108003905527809
1001109753261625344
1001109934354894848
1001112251624026114
1001119000997384193
1001127650285506561
1001161365569105921
1001162951213174784
1001163790036144128
1001164599406800896
1001165462443560961
1001166128268312576
1001166616284065792
1001179646128541696
1001182674344710144
1001183340618240000
1001186173023412224
1001187799696101376
1001189145690230784
1001190529512693760
1001192902222065665
1001194704489328646
1001195821591822337
1001197573527494656
1001200097215090689
1001201642174406657
1001204518003101696
1001223982102843392
1001229618723147776
1001235358896607237
1001236023286882304
1001236962613907457
1001238978295746560
1001240840537296897
1001241942875869184
1001243284008824832
1001244363370979329
1001244871108292609
1001250024343396352
1001252288051208194
1001254263346081792
1001260166283751425
1001262042437873664
1001264933038886912
1001273781036486659
1001274789791719425
1001280643584667648
1001291613237374982
1001292487686844416
1001295005288484865
1001297590531645440
1001300152483753989
1001303557038059521
1001304970292015105
1001306145712164864
1001307843729993728
1001310173363830785
1001314437817688064
1001320577100058626
1001323169289064448
1001325721384640512
1001335371005878272
1001336314090934273
1001337905841831936
1001339679806025728
1001341465769992193
1001343526511239168
1001346678778187776
1001348287029501952
1001351017668202496
1001352383438512128
1001354829464293376
1001356458884288512
1001358511731863553
1001360909405704192
1001362372450242560
1001363461610328064
1001365616580808704
1001367866107682816
1001368571006595072
1001369468629667840
1001372510313738240
1001373063915679745
1001374830372024320
1001376944162856962
1001377951349342208
1001381191281463296
1001383058329755650
1001385117041025024
1001386707378475009
1001390635151249408
1001391894839091200
1001393281023070211
1001394149478760449
1001396777835212801
1001398331199848449
1001399783775526913
1001402953876504577
1001407585768140800
1001409058144968704
1001410256356995072
1001411568352026624
1001413449723908097
1001415560406667264
1001415800601894912
1001418586198560769
1001419889440116737
1001422626852614144
1001425433668325376
1001426629216882688
1001430196585730048
1001431533427752961
1001448991626756096
1001455461508448256
1001460405284294657
1001461357315837952
1001463763738988544
1001471638888747008
1001473147915382785
1001477955221155840
1001480886850859009
1001492453332045824
1001494541785067520
1001495698410524673
1001498011103526912
1001499444871942145
1001501844894638081
1001502316896444417
1001503975307399168
1001506247013732357
1001507777280344067
1001509397519007744
1001510292579287041
1001511980887347200
1001513421999927301
1001515910413324290
1001517635891326977
1001518816592089088
1001521552934998017
1001523345362423808
1001523732026986502
1001524845002280960
1001525583640133633
1001526845949579265
1001528240949944321
1001529603113046017
1001530106131738624
1001530646471364608
1001532532809240576
1001543258688884736
1001546268278231041
1001547022959292416
1001547426497531904
1001548198857592832
1001549257197998080
1001550209950928896
1001551255414722561
1001554516708413441
1001565819397197824
1001567278431981568
1001568203909234689
1001584338214051840
1001585927448334336
1001586773829529600
1001587575293988864
1001589593987256323
1001590282238951424
1001591545307500549
1001592909337112576
1001594520914538496
1001595955723071488
1001597037706711041
1001598289316282368
1001599671167586304
1001601382380601346
1001603081853919234
1001604167629262849
1001605178347450370
1001606668369694721
1001606998675292161
1001612765348401154
1001619385537191936
1001621072993767429
1001633286781919235
1001634513422897152
1001637163543552000
1001641480388214785
1001651820693983232
1001653169846390785
1001654300756643841
1001655890796269569
1001656947005902850
1001659085387894785
1001660447723081728
1001660813655134209
1001661939217551360
1001663091602542593
1001664898139598851
1001667376717451264
1001669610570174464
1001672408472936448
1001674376604016644
1001676645491765248
1001678148612829184
1001680463839354883
1001688975998947328
1001697696527388678
1001699308205420546
1001700298212200449
1001702113033031682
1001705802317598721
1001706548245168130
1001709857869848577
1001710469395177473
1001713383081725952
1001714939256627201
1001715676699078658
1001716786058940417
1001718591136378880
1001721168699756545
1001722981297676293
1001724977425600512
1001727333735247874
1001728548409892865
1001730198520377349
1001731557944713216
1001733224387760134
1001734491554107392
1001735066588995584
1001736404462915584
1001738155878502401
1001739628607688704
1001741378471256064
1001742834666524674
1001745377140363264
1001747819760422912
1001753807813074945
1001755234295799808
1001757873272184832
1001758231654526976
1001760360980975616
1001763943172464640
1001765099080765440
1001767207905439744
1001769618363633665
1001770325116239873
1001773822054404096
1001775406125547520
1001776958995402753
1001781082604306433
1001783563556139008
1001784349321322497
1001786767094304768
1001787834913705984
1001789921856770048
1001790585014022145
1001792969748381696
1001793959327420418
1001797124722479104
1001798043623182339
1001798793854160896
1001800865458606080
1001801985564266496
1001803053815787520
1001805101235933184
1001811663635517440
1001814264628350976
1001816335691800576
1001821731311497218
1001824964717236227
1001832334537166848
1001834223743971330
1001834930060648448
1001838148480131072
1001840583181205505
1001843036631035904
1001845691596136448
1001848823956766721
1001851883659628544
1001855513385107456
1001856706425577477
1001858103200092160
1001860665953476609
1001862769430482944
1001863464913162240
1001865044492279808
1001866314598813701
1001868557817450496
1001870441055744000
1001872070748360704
1001873079390343168
1001873867894378498
1001877929767395328
1001879274234761216
1001880407376388097
1001883089461706754
1001883766384623616
1001884437095833608
1001886118772707328
1001887308059115524
1001887697710051332
1001888468375568384
1001889863489216514
1001890425391730688
1001891685079625729
1001892869848825857
1001895022621585409
1001902123204993025
1001905441935450113
1001921217614503936
1001929121545572353
1001946900189376512
1001947632649035777
1001948368556486656
1001949968444387328
1001950877782069248
1001952772537888769
1001954045895069699
1001954567402205184
1001955759389904897
1001957019383934976
1001958157030174720
1001959310254100482
1001960441621438464
1001961637816033280
1001961779348590592
1001962000325505024
1001962740259409920
1001964706796535808
1001966112886743040
1001967191187709952
1001969627658899457
1001976827336953856
1001987241655390208
1001993006411546625
1001995241111638017
1001999234315575296
1001999593570267136
1002011500096180225
1002016146038587394
1002016978285072385
1002018410014953472
1002020499969462273
1002021745589673985
1002024591215222784
1002026495001481216
1002029760032182274
1002031136422420481
1002033354441666560
1002035501761736704
1002039854144860161
1002043550610182147
1002044772536725504
1002049461064003584
1002057056239669249
1002060351574331392
1002061513153228800
1002063773392400386
1002065352174592000
1002068111481294849
1002069118676238336
1002071262208897024
1002073636092727297
1002075569666785280
1002077790102007809
1002079130509291520
1002081901954334720
1002083753005592576
1002084885543124992
1002087198454403072
1002087715423301632
1002088313161945088
1002090584465727488
1002093827409301504
1002095226327044096
1002096094833250304
1002096728382885889
1002097801638174721
1002098886104764416
1002101338577276928
1002104021539311616
1002104487950024704
1002106236010188800
1002110145286066177
1002111319603105792
1002113066383921152
1002117736640729088
1002118929404383233
1002121762040098816
1002124471355039744
1002126957918736384
1002128222304251904
1002131794324525057
1002134974148104197
1002135978142765057
1002137435889913856
1002139470358073344
1002146025543487488
1002147166327107584
1002148634731958273
1002149870986244096
1002152311492366336
1002153630978465793
1002154972694417408
1002156697060806668
1002159179900051456
1002161080918052869
1002164806042963969
1002212672031641600
1002219070299746304
1002219991746392066
1002222181051486208
1002224099920359424
1002226038720598018
1002228229103595521
1002229854773960705
1002231597926625288
1002234407493816320
1002235790292905986
1002236827489767426
1002238745477898240
1002239817239945216
1002246087804162048
1002246112542101504
1002247813097541634
1002248418230751232
1002249340080009217
1002250391675920385
1002250651022381056
1002251681910984704
1002252246883753984
1002254738732306432
1002280100795240450
1002282399357693957
1002286890052177920
1002309570071597057
1002311876057985027
1002312921660129281
1002315077838671872
1002318375505285120
1002320868167639046
1002324720392593409
1002324945958031360
1002325291870703616
1002325585182404608
1002325917279145984
1002326196221300736
1002326514422239233
1002326709117620224
1002326931688296450
1002327007504535552
1002327244281401349
1002327580643614721
1002327986027352065
1002328216852402179
1002328474118483969
1002328758748147712
1002328970937978885
1002329094741221376
1002329899988811776
1002330199961341952
1002330362314481665
1002330662404345856
1002330975781707776
1002331981282201600
1002336507330482176
1002343216237240321
1002358422564671488
1002361884052525057
1002361910824722432
1002369856157741056
1002373791174086657
1002376372269010944
1002377103264960512
1002377837704343552
1002378710299836416
1002380492203839489
1002385082747949057
1002387223864659978
1002388585419628545
1002390364421083136
1002392156756209665
1002395183747563521
1002397312558223360
1002398775300775943
1002400687836356613
1002405897124089856
1002407300622159872
1002413526319759360
1002420279992291328
1002422558065659904
1002424177624743936
1002426632525828096
1002430492505989120
1002432919095398400
1002434997180162048
1002437595492683776
1002439417993285633
1002441266133655554
1002443290791342083
1002445589219565568
1002447604796526593
1002449280156790784
1002451022864936960
1002451574701117440
1002452686804078592
1002454158329503744
1002455840446611456
1002459315687624704
1002463512403247105
1002465714014507009
1002467999700439040
1002470861901914112
1002472892951678976
1002474231165222913
1002476492616622080
1002478638745432064
1002481499445309440
1002483220527702017
1002485879846375425
1002489009090760704
1002490301984985088
1002492373899923456
1002494740733063173
1002498332428816384
1002499889757085696
1002501656318267395
1002502880492912641
1002505422874595328
1002506567793692672
1002508996136374272
1002509713576288261
1002511485816508416
1002513097721024513
1002514916014788608
1002515770751049729
1002517831244812290
1002521489856397313
1002528265481965568
1002535814704844800
1002537261404172288
1002543264845697024
1002554206837002243
1002555983321759744
1002562229382844416
1002566788029313024
1002578283895107584
1002579125259898880
1002581318939660289
1002583301725589504
1002585925430505479
1002586315421036545
1002591735455846400
1002593441417715712
1002594612681297920
1002597245802438657
1002599992522133505
1002604051035549697
1002604735118049283
1002608487342444544
1002610029600628736
1002610901353222144
1002611693397204992
1002612721949593601
1002613417461604357
1002613934287966213
1002615037754736640
1002616181835132928
1002616234431483905
1002616881067511808
1002619133735956480
1002624101658308608
1002626322185768966
1002629390168219653
1002631749933977601
1002642318657277952
1002643615615680512
1002644917666156544
1002650024516423680
1002654433103286272
1002673487503331328
1002674432945647620
1002675367302311936
1002676826081292288
1002678029401952256
1002680430863310849
1002681695164825600
1002683140664692741
1002684073293250560
1002685052059299844
1002685922910113793
1002687885701722113
1002690592101543937
1002691751956635650
1002692687315853315
1002693556228804613
1002694941015990272
1002697135169646595
1002698306160676864
1002700531155046401
1002701930337132544
1002705166271963137
1002709437117816832
1002710316000653312
1002713149525626882
1002714668354408449
1002722708604547072
1002725026372706304
1002728990677839872
1002731551313063936
1002731885292851200
1002735453374697472
1002740695902425089
1002745736465928194
1002747725811773440
1002748786031190017
1002751129338437632
1002752734167265281
1002754320201371648
1002756515860811781
1002758776812986368
1002762091936256000
1002763726037094401
1002764775259074560
1002765173449469954
1002767072252874753
1002769348388368384
1002772570226249728
1002773700901556225
1002776293883240448
1002781748663668739
1002792952190693376
1002794169126064128
1002795338900692994
1002799592503734272
1002801773218844672
1002802332525105152
1002803589016903680
1002805812123852800
1002808923999625216
1002810712102760448
1002812907405627392
1002814976074113024
1002816238337306624
1002818004743278592
1002819934840348672
1002823720480669696
1002825546538061824
1002827732399656960
1002828042941685760
1002828884205887488
1002846199710445568
1002847902434234368
1002848793723850752
1002849996058845186
1002864101800980481
1002884228063858689
1002887154878599168
1002889083306303489
1002892138122829824
1002894132245868544
1002896119058313216
1002899127301177344
1002900793517838336
1002901944782983168
1002903400068116480
1002905259981893632
1002908448357482496
1002909540206153729
1002910942383034368
1002911939339710464
1002913310076035073
1002913915657957376
1002916230599249922
1002917202557841408
1002919261877293057
1002920615169413120
1002922095041540097
1002922400361697280
1002923374492909571
1002924321864548354
1002924494799982593
1002924719291723779
1002926372636053504
1002926923813670912
1002927620651147265
1002928492487553024
1002929471287160832
1002930779100471301
1002932075840843779
1002933599212064768
1002937111065047040
1002938433038438400
1002939590527905793
1002941053484355589
1002942339499855872
1002943573350809601
1002945245661794305
1002946540833595393
1002947993551736833
1002950202821619713
1002951872439836672
1002953327125188613
1002955409215426560
1002957346145005568
1002959715637358592
1002961088030404609
1002961836034142208
1002962482347040770
1002963201791873025
1002964262527127552
1002968656173813762
1002990519654461440
1002996908636418048
1003001888600715264
1003004788072697856
1003019400704913409
1003024849588162562
1003030212500754432
1003034675386961920
1003041750993260546
1003048489918582784
1003049551396261888
1003050354135662593
1003051284684001281
1003052215181946880
1003053154110525440
1003054054006841346
1003055037390696449
1003056043683872768
1003056864488312832
1003057660671987712
1003058582529740800
1003059415388512257
1003060321177792513
1003061286928879616
1003062155355262976
1003063295912370176
1003064331448258560
1003066934626267136
1003069072727269377
1003071621341511680
1003073427505328128
1003077659746865157
1003081563343589376
1003083256236007424
1003093950083796992
1003094549806317568
1003100840234799104
1003115963389181952
1003117753786683395
1003119678309502977
1003122211484504070
1003124470247297024
1003126720193589250
1003127661382729728
1003129075085475842
1003130862500761600
1003132778970480645
1003135826958667776
1003136892563607552
1003140861918629889
1003146212822970369
1003155415096610816
1003157087218741248
1003158644417007616
1003160687164710912
1003162525784035328
1003165563798122496
1003167326542487552
1003170524904787969
1003172293193928705
1003173818834325505
1003175310781833216
1003177213376724992
1003178917677731841
1003180427346153472
1003182189805277184
1003182868988874752
1003185962363637761
1003187562272444417
1003192231254208512
1003194580861366272
1003196414913019904
1003200663575244800
1003201870175797248
1003203411733630978
1003207808697937920
1003208623609262080
1003209621060947969
1003211338926231552
1003215319035498497
1003216680561102849
1003217496932016128
1003219848766386176
1003220997024165888
1003222613353730048
1003224437943087104
1003226304462970880
988823851785211904
988825828187361280
988827013409538049
988828118013153280
988830606439145473
988833290244313088
988834420097470471
988837958496276483
988838885777133569
988840367339573249
988840971914924032
988841021164400640
988842596591169536
988842898333601793
988843979914596353
988845426160914433
988846565866528768
988848475705094150
988849411815104512
988849810366189568
988850417823109126
988851214510166017
988852022177943552
988853160709062656
988853674242961409
988854289668984833
988854751038263296
988856066430693376
988861098915966976
988866690804015104
988871558407081984
988875474712629249
988876601252343808
988884244742197248
988900963628015617
988901079944450050
988903060574437377
988903147719528448
988903800273596416
988904194307436544
988912522219671552
988920574838759424
988922484262137856
988923628384342017
988924936159973377
988926347572645889
988927730115907584
988929295518191616
988931105087602688
988932644128940032
988933989426659329
988938586056810496
988950624816463872
988953885099339776
988971899374972929
988975734952747008
988977405435006976
988981021289926662
988983474030891008
988983770710757377
988984819748130816
988987897821966337
988989886664466433
988991416713007104
988993876349345792
988998208687919104
989001473160818688
989003550888951808
989008202988744704
989014178164891648
989017470072651777
989019727228960768
989022286295588864
989024083479326721
989026276374654976
989029219031224320
989030376021614592
989033349179199488
989035083758751744
989035571141111809
989037300226183168
989039011770531840
989041303550906372
989044680062128128
989046463186591745
989047522374176768
989048621948694528
989049865467584512
989051760491810818
989052806756814850
989054904978288641
989056140368646145
989057383686197250
989059579756580864
989060985666330626
989062579719933952
989065932659191810
989070414608584704
989072015389798401
989075161650552833
989077943283535872
989080042859909120
989081497180278784
989086030753132544
989087084144218114
989088973728477188
989091406659670017
989093748779995138
989113162271285254
989116104365756421
989119344402722817
989121338550964224
989127939936673792
989131062843461635
989136147950354432
989144698660052992
989148611379433472
989170211038420992
989173431274037248
989175660005519360
989181217852489728
989182830696648704
989186320038850560
989188240690372608
989190475235065857
989191856620699648
989193277818753025
989194363849838593
989197917876576256
989200109790482432
989200598804455424
989202810154770435
989203072332288001
989204491030421505
989205583873150976
989207264186765312
989207445766574084
989209666164088838
989211148175200257
989216386676396033
989226501005627392
989228956514701312
989238383330447360
989241538197762048
989242481941368833
989243689166868482
989263217900818432
989264927209803777
989265384778891265
989266100398514176
989267506874540032
989268830022193152
989270262553239552
989273069171560449
989275008911527936
989276981916307456
989277939375247360
989278634732064768
989279216398106624
989280346750537730
989281591703801856
989283112285884416
989284514118717440
989285795679924224
989290890513604609
989309133575917568
989315980739403776
989322851000946689
989328469019582464
989331285729521666
989332459941781504
989335922830446593
989336970164883457
989339415779643392
989341036924334080
989343469956157441
989346164188307456
989348626697736192
989350265840132096
989352001690636289
989353369495064576
989354888906846208
989359044119932929
989360450889572352
989362599920898050
989366389453533185
989369222219423744
989376499701731328
989377714124656640
989378905290272768
989379848035557376
989381667742736384
989384914486390784
989386261587734528
989387360856104961
989389018734518273
989392419698421760
989395760830697472
989396394472624128
989397294922518528
989399613823217665
989400925419819008
989403216457732096
989404164127186944
989404418243166209
989406856664748032
989408752708325376
989410373806837760
989412556690386944
989414087699333120
989415633464053760
989416989381877760
989417425442615296
989419668975824896
989421343585263617
989421977701142528
989424242381991937
989429353107939328
989432554695614464
989434764510814208
989436826015404033
989437922381369344
989438608430989313
989440999255666688
989443013649883136
989444836246917120
989449919164502016
989452128522526720
989452635731308544
989454922780463104
989456713609867266
989457170084302849
989475456629043200
989481305128734720
989524834790068225
989532988458393600
989535500468879360
989538209347588099
989540662210187264
989541891845828608
989542768279277568
989543257179938816
989544811823816706
989547218502914048
989549606768869379
989551118425436161
989552204645363713
989553592314089473
989556154614378496
989557028405301248
989560147981799424
989561964782383111
989563899358957571
989564856570449921
989566408118951938
989567714367852546
989568107822964738
989568469745225729
989569296773910528
989570108510162944
989571250031857665
989573156263354368
989580983740649473
989591704574595073
989594726704836608
989596981596180480
989608338831937538
989626228427632640
989628321657958401
989631044625354757
989631517549842432
989633504232304641
989634142227849217
989635315458506758
989638803240509445
989641552862605313
989641833092395008
989642311540801536
989643823964999680
989644565878632448
989645383407202304
989645852850425856
989646795549626368
989647312212447232
989647877759815685
989648426123104256
989656008128696320
989660300298326017
989663388740538368
989672634307764226
989678629490708480
989688704796184576
989694594525917190
989697378780401664
989699288971268096
989701534010273798
989704052467535872
989704691956289538
989705523695181824
989708812964761600
989711126664396801
989714508095475712
989716499781664769
989719883096113152
989721375303614465
989724923223408640
989726071464411136
989730830816763909
989738857502392320
989739917063274496
989742335587069956
989743902407118851
989747023036338177
989748460734693376
989749989059452930
989751554927349760
989754428457537537
989756103725531137
989756392054505472
989759230923100160
989759893698588672
989760613562761217
989762150905233408
989764173637681152
989765951334760449
989766507277139969
989767347723358208
989767415872475138
989769753366425601
989770557800378368
989771818926931968
989776528077672448
989778331137728512
989780758121230337
989784215783985152
989787142653120513
989788423144771584
989790287202537472
989793446507532288
989795604468584449
989798277628514304
989799322345668608
989805525415194624
989807517390733312
989809228788457472
989811080758222848
989814693467435010
989816998061363200
989818892544626688
989888557081866241
989894752442159107
989925286430035968
989927711056506880
989932872051183617
989935899239690241
989987982227771392
989992430790500354
989994820491005952
990000085353357312
990000739941527552
990002249354153985
990004029332901888
990005551064068096
990008001561055232
990009461459816449
990011359004946432
990015517074354176
990016671627825157
990109479189524480
990119103267565568
990126991134412800
990165259485958146
990165894553796608
990207038407012352
990218592858902528
990223697263955970
990229666693898240
990232128129568769
990235981222735873
990236198965792771
990236731596333056
990259816944881666
990261851350061057
990263477934739457
990267061602484225
990268451775229952
990269872528609283
990271838050758658
990273843934760962
990274957543460865
990275873264848896
990276368729505793
990277225592381441
990277455213682688
990278376043802625
990365960891715585
990366753283805187
990367716195422215
990368714997551104
990370051353206786
990370984434765824
990372161117478913
990373581442994176
990373890462502914
990374652856930305
990375844366430208
990376909296021504
990378860234575873
990388367295762432
990453220953731074
990471852714807296
990481359360716801
990483081185386497
990484087210209281
990503268148219909
990504583771381760
990506379340369920
990510411693936641
990511614519664641
990517850887598080
990522648735174656
990525451931193345
990527177857949696
990538575899918337
990541824304599040
990544157885288449
990586718855352321
990587408675672064
990617265426128896
990621271628054529
990721623799074816
990722919025266689
990723358949076993
990728995552493569
990729339166748672
990734515403444226
990773449302953985
990784883562811392
990827109072457728
990838398800756737
990851004852731904
990852248694648833
990854983045304320
990856480663457792
990859159452217347
990860551805915136
990863687849259009
990879032815378432
990882060167499776
990897663213277184
990901694316859394
990909226963951622
990910680760020992
990913941089017856
990917678301933568
990940466471370752
990946589698125824
990955811412340736
990957394246144001
990968787963990017
990970569985347584
990985117387689984
990986076234960902
990987586175995909
990990003953074176
990990367884443649
990991438384115712
990994161938649088
990994733601296384
990994739141988352
990994746339483648
990994760470073344
990994765226430465
990994775099760642
990994778933415936
990994800655597568
990994826333245441
990994830703591427
990994835090927624
990994839486586880
990994850907607040
990994856007872514
990994869727395840
990994877902139392
990994888090181632
990994907648217089
990994914723946497
990994918918295553
990994924261789702
990994929290801153
990994933115957248
990994937524178945
990994941194141696
990994946927849473
990994955563880448
990994960660008960
990994967853174785
990994976250171394
990994992620556288
990994996575817728
990995001646645249
990995008714100738
990995013084557312
990995044197945344
990995058294951936
990995090423341058
990995094420578304
990995101412405248
990995105963274240
990995112065978368
990995149340794881
990995155607064577
990995160908664832
990995165555970050
990995169959989248
990995175437688832
990995181334769665
990995210665644032
990995214688014337
990995254240272384
990995258443030528
990995263065088000
990995293100544000
990995298813140993
990995303347171329
990995307386359808
990995312339771393
990995319033860096
990995327082795008
990995335551086592
990995342857555968
990995347257294848
990995352084938752
990995356279287809
990995360280731649
990995365762600966
990995384230203397
990995397278617600
990995405042274306
990995409731571712
990995415158919171
990995419449749505
990995423669125121
990995431764168704
990995438340800513
990995446175854592
990995454354710530
990995458750406656
990995463401803781
990995468414017536
990995480959209474
990995486277558273
990995519500668928
990995541503995904
990995545052282880
990995553382256642
990995558746730496
990995562685222913
990995579185528832
990995589121871872
990995593634942976
990995598991118342
990995607052537856
990995614103232513
990995619807485952
990995637796851712
990995642913902592
990995648592928768
990995653181493249
990995658046869505
990995662115352581
990995666590752768
990995670415953920
990995674606030849
990995682818494464
990995706050744321
990995709951447041
990995717945733120
990995723792633857
990995728037228546
990995740469157888
990995745795866624
990995752305549312
990995757070241794
990995761763639296
990995765727236096
990995769711824898
990995774019338240
990995778284945408
990995783678914567
990995792289812482
990995798015004675
990995801915654144
990995805975834629
990995811386445829
990995818307047424
990995823277281280
990995827849035776
990995832160903169
990995840973115392
990995845578403845
990995850628419584
990995855447642115
990995865740435456
990995869834137600
990995874443661312
990995880013697025
990995884845490176
990995892328108032
990995901073252353
990995948221403138
990995953581772800
990995959990669312
990995964700905473
990995971529216000
990995976075739138
990995991024361472
990995995281559553
990996000813862917
990996042102509569
990996049119666176
990996054773559296
990996059173408769
990996066634993664
990996070728650754
990996074751053825
990996078945292288
990996086222413825
990996090253119489
990996094913040385
990996099807744000
990996103431680000
990996109605654531
990996114328440838
990996118749306880
990996125644673024
990996129503436800
990996140723179520
990996144623964161
990996152333062144
990996173342339073
990996177792438273
990996181890281479
990996185795252225
990996190853464064
990996196708831232
990996251570245634
990996310164692994
990996314153521152
990996317857034246
990996321845825536
990996338962845696
990996356935405569
990996361372987393
990996366989189120
990996383145562112
990996387662876672
990996411511603200
990996422077177857
990996426833489920
990996437344423936
990996449243545600
990996471104331777
990996474883395585
990996583381700609
990996589358567429
990996611160473601
990996688818057216
990997521278423040
991000242794455041
991001265680371712
991002178323181569
991006199591129088
991008115670835201
991009015122546688
991011187763671040
991012365796864000
991013065817755650
991014682130608128
991015282079608832
991016241623117830
991016946979213313
991017991688130562
991018748994899970
991019503193554946
991020258562539520
991022729901035520
991024191305584640
991026680239218693
991033721619976192
991039678164987904
991055574468001792
991075423856492545
991077288044388358
991078390798127104
991079970167492614
991081029153820672
991084283770167296
991085533416820736
991086632882327553
991088643132534785
991090117057155074
991091092148940800
991092293192093696
991093981906919424
991095554313728000
991096317115031552
991097520267939840
991097706646048770
991105487994310656
991109382971772928
991119537843200001
991127916921737216
991132790015102976
991137219837652993
991143372445442050
991145035394674688
991147127010156545
991149222031392768
991153445422891010
991155614654128129
991156713079193600
991158107018616832
991159170589253633
991162892002226176
991165604244619264
991169432096530433
991171921793441793
991173018826178561
991175301722984450
991177479569248256
991184160164335616
991188399183794176
991189671278505984
991191764416557056
991192897025437696
991196848206635008
991197619174166529
991198485033771009
991199903652175872
991203806418522112
991204503394320384
991205449209995264
991207822972026880
991209401427087361
991211527406522368
991213766497972225
991215016543170560
991218622642184193
991219496890269696
991221702322544641
991223905510739968
991226126369476609
991227591959990273
991229627967377408
991230728838008832
991232542685745152
991233437070757888
991235796756811777
991237976008155136
991243322302836736
991245696320884736
991247328106381313
991247350940295169
991247579349430273
991247592104308737
991247597523390469
991247608424386560
991247622794022912
991247647758520320
991247742801498113
991247849806589952
991247876511686656
991247886338883584
991249302927433728
991251801541431296
991254937563729920
991255229172723712
991258262317170688
991259900788510720
991263104007901184
991264058958639104
991267297640755200
991267522140868608
991267526582702080
991267622170845185
991267628944691200
991267683013398528
991267716358172673
991267756870914048
991267815717031936
991268041798373376
991268282467602433
991268299395747841
991268864066490369
991269408147427328
991271483954679808
991273046651604992
991275932135641090
991279693327425536
991285226562310144
991287447169503232
991289968613093376
991301970332930049
991311379373182976
991312493430657024
991330688963104768
991332826724397057
991347539772395520
991349842373939202
991351407646265346
991352445786783744
991354197407825920
991356542338371590
991357326576750592
991360229030940672
991361474298773504
991362835509841920
991365190477369346
991368542284079105
991371288307478528
991371791485595648
991375591394947072
991376209257910274
991377092246896642
991377567323127809
991378718730915840
991379217165242373
991380153744941058
991381199435255811
991382538148024325
991383568491401221
991385415704858625
991391044838346752
991397514430550016
991402683796983809
991403917958438912
991405357191835656
991407796225826816
991418776775266304
991437645501882373
991438553367437312
991439689210105862
991441111183970304
991441797242081280
991442878302965760
991444860061278208
991447093196808192
991448710554046464
991449813475618818
991451076871249920
991452360114425857
991453177823318016
991454456310091777
991455778161745920
991457458777481218
991458896433774592
991459801153654784
991460126090555393
991461717841514496
991463195025035264
991465948048691203
991466919906684928
991468532050391040
991471680819167232
991473610694057984
991475968807264258
991477834869862400
991479107895611393
991484751600082945
991490282976956416
991498335923171329
991506332409835521
991507750415892486
991509750453080064
991511577001123841
991514295476342785
991516941289390085
991518192970489856
991520485409263617
991522350050041856
991524028488839168
991526320814387200
991530140009197573
991534353317588993
991536778346684416
991542165963792384
991546358124466177
991550939994775552
991551789655887874
991553718339407874
991554944061800448
991559199787282432
991560508884078592
991562086340857856
991564166933729281
991566238940835841
991567886614450176
991568933089144832
991570590417981441
991572600940826624
991574390927249409
991578089288290305
991579235952353280
991581238543691776
991582777555513344
991584006826266624
991585398555074560
991586826203877377
991588605893271558
991590103842684928
991592920863199232
991593497940692992
991594556893421569
991596487451791361
991597825984212992
991599586207830016
991602296227270656
991608048241270785
991609417102749697
991609485037842432
991609507351613440
991609713421963265
991609728802480128
991609740999487488
991610687507062785
991613359303864320
991615031472214016
991618356443799552
991619181266329602
991621518735171584
991622095200276481
991624247775760384
991628465358229506
991629683203690496
991630617396772864
991633867802054656
991635067511410688
991639589222866944
991642092073046016
991649840235937792
991651474215178241
991651982799712258
991652172550082560
991652650897805313
991653725910511616
991654732618969089
991655974787256321
991656667036180480
991657431297118208
991657832410963968
991659226295685120
991660192831074304
991661031230464000
991661501655248898
991663116126687232
991682993717678080
991706666579251200
991709642257551363
991710694738481154
991711494558633989
991713089753092096
991715868496232449
991717321470291968
991719367741231104
991720825635078144
991722381466009600
991723611429003264
991725117729394688
991726499203076097
991727332443467778
991729949307539460
991731497982988288
991733478088675328
991734742994374656
991735441685696512
991736874392866816
991737969374629888
991737995412811776
991738003247763461
991738019588657152
991738031093747712
991738035057446912
991738042137370626
991738052379906048
991738056419020801
991738063461240832
991738068427313160
991738073376583680
991738078313271298
991738083971301378
991738088056672256
991738093731569665
991738100547313664
991738105215451137
991738116313698304
991738123758555137
991738127780806656
991738131971035137
991738144495144960
991738148366487553
991738152795729922
991738158344744960
991738162501292033
991738183271567361
991738190473170944
991738200472408064
991738204503134208
991738208902840320
991738213680197633
991738217778073602
991738222077194241
991738226959355904
991738235759013890
991738240708284416
991738252154597381
991738256252424192
991738259972788224
991738265857339398
991738270219427840
991738277190303744
991738282408062978
991738287969718272
991738293581643778
991738298539429893
991738302792421376
991738307494252544
991738321129926656
991738328415424517
991738337147965441
991738345209389062
991738349919588352
991738354994728961
991738365136572418
991738369326698497
991738373684547588
991738383176224768
991738394098257920
991738404927832065
991738409856184321
991738426566291457
991738437136011264
991738447994998784
991738456672960512
991738460783415296
991738465669861377
991738479146164224
991738485823492097
991738490235826182
991738498439958529
991738505834520576
991738515154186240
991738520585818117
991738585702453249
991738596079095814
991738600621596672
991738604622884864
991738609576349696
991738613275774976
991738624747147269
991738631911018496
991738651678793729
991738675422793728
991738771900116993
991738784734728192
991738856608358400
991739506566090752
991740362581561344
991740586448293888
991742366724886529
991742945035538432
991744308524077058
991745438255669249
991747730128162817
991754836776509440
991762188665843715
991766625757073415
991776004426420224
991782764293869568
991800009896194049
991802566534221824
991803875127635968
991804900584706050
991805967573700611
991807259750649856
991808734744797184
991809750705819649
991810131158536193
991811614398668800
991812361710338048
991813749823680512
991815837517479937
991816936240697344
991817803434020866
991820159240359936
991820591807303681
991822789748363265
991827069360394240
991830783118729216
991836338180804608
991838358002454528
991839298021412865
991843923701256200
991852364154986497
991852972610121728
991860736073846784
991867843498139648
991869958610042880
991871709199335424
991872806265671681
991873475261489152
991875402044817409
991877547402162176
991879764502765568
991881338977316864
991882879293538305
991884980396609536
991886454086254592
991888965618745345
991891946607202304
991894607343620096
991896364769529856
991903335908179969
991913283719442432
991914209255612416
991917233709502464
991918889738088448
991921183007309829
991924008789725184
991926415900717057
991928303677210624
991930169756717057
991931939874590720
991934476065361920
991936585926144000
991937438108045312
991938684265123840
991942366578860032
991943941347008514
991947140640526336
991949039708098560
991950675377520641
991952180289601536
991956364468645888
991958558668410880
991961285955915776
991962899571671040
991965960696459265
991967932249931776
991969536848158727
991971518195421184
991974438689296384
991975764676444160
991977874994364418
991979910284574720
991981850573852672
991983268710043648
991985934810976261
991986518549041154
991989531170803712
991990871695511553
991992481578471425
991993059347976192
991996608706437120
992001392649949184
992003374370447361
992007729358295042
992012211102081024
992015874532966400
992024322737876993
992026469625974784
992028901802172416
992029804256952320
992030588956749824
992032719843586050
992034521850761216
992039257572331520
992039711622553600
992042262669512704
992042546267348992
992044892049367045
992047561988034560
992048487222169601
992050412130881540
992050860195811329
992052393822031874
992053422248644608
992054759573065729
992058129084026886
992072097504559110
992073312116277248
992075039674634241
992077686205042688
992078627968823299
992080063570108416
992080915957534721
992081068755947522
992083845615898629
992087259426963458
992089602046377984
992092166984945664
992094497944227841
992095318433935361
992098538283651072
992099535454396417
992101372127563778
992101597231681536
992102641453993984
992103359539707906
992104325890666496
992104769501237255
992105558475001857
992107688548077568
992110367160569857
992116390923554817
992129668668166144
992135572935372803
992143569568886784
992145680956379136
992162326727069697
992163351676555264
992164519152582658
992166503276601346
992167280296546305
992168054623698945
992168876946477059
992170820561702912
992172156346929158
992172906707865601
992174418372845568
992175007731208192
992175943023321089
992177883077636097
992179699890696192
992181828890054657
992182894868213765
992184393904082944
992185144260857857
992193915666206722
992200253523849216
992204927329099776
992212381110558725
992214764708335621
992215336341696513
992227275310497792
992229687404433408
992230848362700801
992233701156192256
992235442136203265
992237107803340800
992238945810374656
992240883708772352
992242006842793985
992245269080064001
992246922927722498
992248941843439618
992250253712572418
992251787292819459
992256051910135809
992259941397217281
992263129277972482
992265568483921921
992275582544109575
992276597532053504
992278157074956289
992280017584312323
992284110272909312
992284516658987010
992285760416989184
992288561113133056
992290092482871297
992291129876856832
992292309973614594
992295592628965377
992296345288359936
992299115991072768
992300304044453889
992300989926420480
992302540032102402
992306093018644480
992308448040665088
992309648748261376
992310854736535552
992311835532578817
992313412418813954
992315259061919744
992316235571396609
992317929093058562
992320130762858498
992321010669154306
992323698987171847
992325238636662784
992327230218014721
992328881347710976
992332800308195328
992335845339422720
992336623516909568
992338610908205056
992339700705890306
992339724198137857
992339737330569216
992339743647158272
992339751578595328
992339762160730113
992339815139069952
992339839289843712
992339864124313600
992339921363972096
992339946357907456
992339951395180544
992339966050095105
992339970617692160
992340006197919744
992340064419176449
992340096585256961
992340107217788928
992340111034671104
992340178856488960
992340331814416384
992340346293145601
992340383517601792
992342587183894529
992344262967783424
992346212216049664
992348491807588352
992351259490508801
992352549255766016
992354735142424578
992358612080189442
992360849053507584
992366580561596418
992370844688179200
992372297330720768
992374571704766464
992379681432395776
992388668034777091
992393213267890176
992401673921363968
992412023240749059
992419065963704321
992432480157356033
992434638965624837
992436619620777985
992438029062168581
992439710625730560
992441472141135875
992442202726043648
992445058510131200
992447236486434816
992448150098120705
992449833234518016
992451528895221766
992453446078025730
992456982727680000
992459664351735808
992460559378518016
992461732248506368
992462413348917250
992463840754503680
992464003854229505
992464761198661634
992466368170741761
992467110671585281
992467774600597504
992467975214125058
992468889832509440
992470006800711680
992470868273127424
992470898845405184
992472732305645574
992474737417883648
992478653832450048
992482112958844928
992486385054568448
992490538170568706
992500488162684928
992506958480625664
992524912370823170
992526366330576898
992528777149341697
992530202839470091
992531301285670912
992532686668468226
992533896087724033
992536060575043584
992537612719095808
992538054991728640
992538650817818626
992539466102435840
992539827911516160
992540332934955009
992540889443692544
992541888946360325
992543486573469696
992544616900648962
992546044058722305
992547848121212928
992548643155660800
992549525825949697
992550573554716674
992552941692375041
992554344984797185
992555072440725509
992559707582881792
992563332010926080
992568560529616896
992572297277071360
992577181762154496
992579953677004800
992584726203559936
992585035973881856
992589187449806848
992590578226552833
992600603812679680
992601548822929409
992602886369574912
992605499857211394
992607167512481792
992608691298979840
992612143190159360
992613455541792768
992615245519708160
992618933667684352
992622468262256640
992623992904257536
992626067067334656
992630878848323584
992635343794065408
992636990414827520
992638898596732930
992643771161632769
992646392014352384
992646948111966208
992648549556019200
992650504600768512
992651798933594112
992654503840288769
992655475966709760
992658292307611649
992661466074533889
992665137059426310
992667033799192576
992668465843589121
992671202475954178
992672280110161920
992673415969550336
992677990214651904
992680545099419648
992682320166555648
992696145527934976
992699292866547712
992700199050113025
992700888002256896
992715838686945280
992766251360497665
992766506248364033
992766911606939648
992767931690946562
992769180981235715
992770075303268353
992771162806636545
992771741675081729
992772576081534976
992774545881927680
992775015325106177
992775405596741633
992776709501005824
992778610846175232
992779564341432320
992796749696815105
992799563177132038
992801779833298944
992803710987317248
992804663559950337
992807440407318528
992808689663922176
992810508762927104
992812997037961216
992815932471939072
992816681771765762
992817685678448642
992870817582272512
992872768260755456
992874800770093057
992878335918264320
992879718302191616
992880361125400577
992880667670335488
992883855840436224
992902846172581888
992905638111072261
992909284496297984
992910500068544512
992911982905974784
992914650604998663
992917450579685377
992919391435214849
992927838046248961
992928550083813376
992942948051451904
992944375301844993
992944842878701568
992947642207522817
992955008521048064
992961879550124038
992963151300825088
992965387577905152
992966722578780161
992967927103197184
992969701247549440
992970533691166720
992971827436761088
992974273504600065
992976445663268869
992977329126301697
992977616591294466
992979187152629762
992980952900161536
992983709895839744
992986726942593024
992989443245199360
992993517722062848
992998848241991680
993008709784698880
993011294461747200
993013583737999360
993014837755170816
993016115390550016
993018690928037888
993021355523231745
993022062787735552
993024235730800640
993030450120708096
993032130606370817
993033520342806528
993034711323893760
993036167544299520
993037009911500800
993038727311224832
993039687915892736
993042733492310017
993045316617342976
993047730598694912
993048629895139329
993053396105129984
993055961999986689
993060079589998593
993060567031123968
993061744510726144
993063728894619653
993067697842860032
993069303556661248
993070441337114626
993072843394093056
993077108745408512
993078174958477312
993080762823053312
993084726641643520
993087217731072000
993089487621246977
993091868945764352
993093451053977600
993095425031852033
993096923786641409
993114086299918336
993116141861130240
993118207404802048
993119927186919424
993120959308664833
993121937240068096
993122871458390016
993124878453739522
993125799652929536
993127086436028416
993143949043920896
993144302288166912
993145136623378433
993145886199943168
993147130872246274
993147330831495168
993147864292446209
993149984148262912
993150824934268930
993151710137810945
993153417513226243
993154337772883968
993155482578771969
993156195786608640
993157911525326848
993234903041966083
993238815740440576
993246071265615873
993247784278118401
993256606593945600
993257146627383296
993257699163934721
993259230466658304
993260639614271488
993261706427228160
993262655677894656
993263639204388865
993265081130672129
993268035086700544
993269572638773249
993270359213387776
993271171058716673
993317624179314689
993334257241280512
993340802725183488
993347211986599936
993347545924546560
993357421811765249
993363189302812672
993364230219984896
993366293830094848
993367288387702784
993371174955638784
993372303806423040
993372903638028288
993375133376106496
993376771876839424
993378106869272581
993379381455343616
993381202341003264
993382193849425920
993384609785184256
993385981276540929
993387746822688768
993390703165272065
993393063858003968
993394437844865024
993395752977207296
993396521709301760
993400006416785408
993400383832838144
993401816724508672
993402683045437440
993405538284326912
993407206786822144
993408739452612608
993409515902111745
993411159071100928
993412422764519424
993414088297517056
993419764604325888
993422739976450048
993424361993490432
993425298791239681
993426502489378816
993430319717109760
993431106304299009
993435988587352066
993437033581424641
993438412559577089
993439242499121153
993440985601495042
993442365175222272
993442662299721729
993446194046259200
993447805023932417
993449273223151617
993451422938271745
993459628318035968
993461922098970624
993462520173260800
993463323827101696
993464217012461569
993465090463674368
993466423216353281
993467909426110464
993468570481889281
993469140294914048
993470100178194432
993470667235479552
993471354648358913
993472141432537089
993472787439288320
993473867321618432
993474336270020608
993475968344952832
993484450167173121
993485329008078848
993507582089318400
993508387827613696
993517220541104128
993521643363422208
993523487036919809
993524291181346818
993525538856865792
993527659522031619
993529494840463361
993531651442561025
993533609289175050
993533965259681793
993536931890958338
993537827429404672
993538912911069184
993542472524496898
993544512256528385
993545212524974081
993545555128279043
993546703134511106
993548231412994050
993549327976067073
993550570999959559
993551124757139457
993551794088398849
993552367781142529
993552940140023808
993553633584254980
993554914201784322
993555592399802368
993556391272091648
993557498757107712
993560113565917185
993570574596280321
993571801870553089
993578304216223744
993595956254912515
993611962197082112
993612019952648192
993614589937049601
993617665343279104
993620066137714689
993623018491600896
993626402154078209
993628628641570816
993629642711031815
993631417681801217
993633220301348869
993634506740465670
993642798925697024
993653938724528133
993654601986568193
993660641268453376
993664879188996096
993674136294690816
993680906366922753
993682800707596288
993683848230768640
993685227355688960
993687658156167168
993689228218437634
993691729810337798
993694823784869891
993696625402044416
993698725024419841
993701570981318656
993705236949762048
993707748834578432
993714047437754371
993715460985245696
993721949607157760
993725148372054016
993727963043713025
993728744773902336
993731697710653440
993733136369496065
993735473209241600
993735950160285701
993737411770437633
993740385800392704
993742053182988288
993742803871166464
993746578014908416
993748363383369729
993749403059007488
993752137757806592
993752608102866944
993752855675899904
993755321926606848
993757152203460608
993759536967188480
993760008864256000
993761634547130369
993762901604388864
993764910826950657
993766902072860672
993768063072964608
993770695472615425
993771844728696833
993773325183803392
993775261404540928
993778687492395008
993781554974511109
993783190027427840
993785618089041920
993786402377695232
993788543771332608
993791460184084480
993792843788505088
993795402880122880
993797269592911873
993801875135913985
993805347122024448
993808510621245441
993810327287582722
993813725206499328
993814583893741568
993815644486488065
993817112958382080
993819770624634883
993821376724299776
993838564889759744
993842846691192834
993853153081733120
993857367010959360
993860500948742145
993863877745168390
993875265347563520
993876220457742336
993877709150478336
993878896889167873
993884258774249473
993885298676453376
993886235780411392
993888585416921089
993889785587650560
993890754677354496
993893468866056192
993895110839558144
993896048816021504
993897744073928704
993899278983712769
993900498280501253
993903700803555333
993907371847143428
993908678834180096
993910241363480576
993913432238886912
993913529169252353
993914628819349505
993915391691907072
993916061782331393
993918385414197250
993919225118052352
993920588879138817
993922026065842177
993928959019638790
993931681647251461
993934439305662464
993953261387468803
993955850829082624
993974277937524736
993975251666112513
993976103931924481
993977028172017665
993978440800985090
993978858989899777
993979748790480897
993981050228535297
993982492351827972
993983703863975936
993985051963658240
993986767786336256
993990651049054209
993991277938139137
993994417672507393
993994854467362816
993995763062632449
993996503365627904
993996853250322432
993999653577412608
994007208085114881
994008567391899648
994017903598022661
994027247337164800
994035194066849792
994043850040725504
994045421587763200
994047501677318144
994050131539439616
994052238090952706
994054539958513664
994057219456077824
994059273549373440
994061660326383616
994063957118812161
994066069819150336
994068386870153216
994070494168211458
994072476845051905
994078695458516993
994081008344616961
994087830510022656
994088918772535296
994091219658723329
994093947365490688
994095948782620676
994097193945587712
994099050583678976
994101086062555136
994103342115753984
994104534174756869
994107391431110656
994108675961876480
994110812682969088
994113624900849665
994115407190593536
994118287788265472
994119941883297793
994122852021489664
994123343862386688
994123918595289088
994125127867621377
994126212007153664
994128967677423616
994130450783318018
994132340917067776
994132879675478021
994135237755129857
994136936179748864
994141910246871040
994142539862233088
994144565341900800
994145094876979201
994147706913349633
994151475298426880
994153005896421376
994154667914481664
994156126844473344
994160646244720641
994162761172242433
994164773641179137
994167584160403456
994170952786370560
994172646408577026
994173333641072640
994174275354595328
994183765592289280
994201037442609154
994204162442264581
994207064284069888
994209017479168000
994209982995402753
994223182545670149
994224362759839744
994226500516962304
994228223054700545
994229942056640512
994232760335249409
994235935603789824
994237179454017536
994238500831719424
994241327301890048
994245103001665536
994246385594748929
994248247710572544
994249631122051074
994251724406784000
994254622842748928
994256593633103873
994259650823540744
994259886430195712
994261656703307777
994262927191478275
994263719705235456
994266616534847488
994267358221996032
994268061845852160
994272037383409668
994273008893165573
994274537096261632
994275976640069632
994277275943276545
994277665094946816
994278285717725184
994280201814249474
994281328802762765
994282511432847361
994284744987893760
994292297964638208
994301784410808322
994303323317719041
994309048454479872
994336838830690306
994338252755734529
994339659110109189
994341683067260928
994342215404212224
994343980082122753
994346238635016192
994347351153225731
994348271593250819
994350503382351874
994353851217186818
994354930893885440
994356706208514053
994357374629679109
994358444516835328
994358910940319751
994359463019769859
994386024867475456
994389417128316928
994393785122648064
994398990513901568
994404530283573248
994406733127782400
994409507492155393
994412088201302017
994414830059687937
994416975362379776
994419606096957441
994421710211436544
994424563575468032
994427313881305088
994429637005643776
994432212329271296
994434753079201794
994439637824307201
994444396845248512
994449901235920897
994451139566489600
994451671177744384
994452357198024704
994455530428141568
994458262224457729
994459263815880704
994460114768756737
994461492346056704
994462944955072512
994465099447521280
994468215576256512
994469660782448645
994469800322748416
994470086944657408
994470415572619265
994470530681098240
994473545064419328
994474923069452288
994476082169511936
994477953345118208
994479254615322624
994480717412356096
994482125025013760
994482866305323008
994484089192374272
994485202532651008
994486297040433153
994487727646281728
994489237746671617
994490767807836167
994492740410003461
994495745947467777
994496973691654144
994498352443219968
994500666969198593
994503241864970240
994504920719134720
994506750429728768
994510767092305920
994512822318063617
994514037185499136
994516181326401536
994518111016628224
994520927181393920
994522587437895680
994524739031924736
994526018349273088
994527841231482880
994529531359883264
994533134023749632
994535164909891585
994537889701728258
994540496361050112
994564144484503552
994589960723419137
994592973676515334
994594469835100160
994596673358848000
994608800513646599
994609535389184006
994611318605930497
994612870968168452
994615271242465281
994619130937577473
994620347352838144
994621821629685761
994624296352993281
994624872310599681
994625919489896448
994629460442918917
994632764396883969
994634060155838465
994636321992970240
994637594041479168
994638307203088384
994638686494121984
994639657840324613
994640676955545600
994641619176579073
994642911668178944
994643455061188608
994643629271670784
994644429419008002
994647900272590848
994648809044135942
994649645166092288
994650010531790849
994650737253797888
994651659207958533
994652328463687680
994653145589583873
994654334821552128
994654865824641025
994655651568803841
994656218361880577
994657118719488001
994658011795816450
994659672295649280
994664501713698817
994666907742756864
994675979351199745
994699049407254529
994700979466571781
994702175560523778
994703631919276033
994704794697785344
994706744621363201
994708252658229249
994709427176529920
994709898817691648
994709962424246272
994710044137721856
994710722268532737
994711310108635136
994711736396795904
994712678395498497
994713472075227137
994714616386277376
994716193511571456
994717019034529792
994718621472567297
994720246408863746
994721294817087489
994721616184709122
994722921594675201
994724282814124032
994725130042593281
994725633535160320
994726904023470080
994728668705579010
994749080168468480
994751469298610176
994751785410727937
994761151702544384
994769034670493696
994770610608852993
994772121770430464
994773878462349313
994774925939478529
994777113608818688
994778444083941379
994780050691100672
994781989159960576
994783884519886848
994785403063488512
994787797935501312
994793935594770434
994796167950163968
994797887052767233
994804839875055616
994806535577534464
994807319782404097
994810045647998978
994812253961584641
994813952528969729
994815304818622464
994820370942386177
994822608553172992
994824192133619712
994826086113595392
994827883804753920
994831572804227072
994833271337996288
994835439382122504
994836938183073795
994839476580048896
994842673331785728
994843959355731968
994846574722342913
994849026804801538
994849950331801601
994850893479759873
994852084037103618
994853861134426112
994855603133730819
994857644593680388
994859461864017925
994861106991718402
994862895241588736
994867268789075970
994869124651257856
994871245945614337
994873244351127553
994875388890374145
994878847643541505
994881193941393409
994883023698055172
994885912659099649
994887714955808771
994888637039955968
994890518147555328
994895284487577600
994896428626530304
994899054692913152
994902289503711233
994904038079680512
994907762822909952
994926997150236672
994929291052888064
994938628458545153
994950490659147776
994952224328560641
994955288238280709
994971148948590597
994972796693483520
994973852928237568
994975918698397697
994978482152202241
994980308494831617
994981903068516354
994983638537302016
994984746630381568
994986408564715525
994987727199272960
994991350335537153
994993026429865987
994994985819869187
994996134425907202
994996563004084226
994998610839339008
994999566826196993
995000722629513216
995001977774977024
995002903218868225
995004391437553664
995005357079629825
995007296563548162
995009312186667008
995012803105837057
995017083980271623
995019522137575427
995021875809083394
995023174365523968
995026397994323968
995036040191709190
995061439420420096
995062566496894976
995064697320861696
995066361436147712
995067314897858561
995068785303412736
995070638896435200
995071930188357633
995072350172393472
995072937454600193
995073200349380608
995073850802036736
995074628388257792
995075576410136576
995076593189089280
995079760916119559
995081154264027136
995082338924101632
995083631751323648
995085421729198086
995086983436390400
995088240397955079
995089261966786560
995090899225935872
995091789660020737
995095810147790848
995098759393669120
995101567329226753
995105001042272256
995111446114652163
995113453894463489
995114269212540928
995116067331756033
995121414133952513
995121749028233217
995132218908520450
995135958281543680
995139107977420801
995140853441138689
995143869816885248
995144435372523520
995145584054022146
995149105004449792
995151954790813696
995153810715791365
995154586104139776
995156514825482240
995158751161274368
995160523443462144
995162921968832512
995166616353681408
995171617541062657
995183146613256197
995184700611354625
995185666039468032
995187156502110209
995191621632348160
995192800688951297
995193994991820800
995195321755099136
995198241921740800
995200200573628416
995203379000479744
995207331079163904
995208905289535488
995210263849848833
995213348898734081
995214438000156672
995214448070660097
995217299215921152
995218712335732736
995232540649771008
995235775733264384
995236426261454848
995237840459005952
995241531656364032
995242655641690117
995243626472013824
995244788269158400
995246225204088832
995248163291303936
995249257451081728
995250920010240001
995252369591099393
995253678448705536
995259507302379520
995273897976254464
995274924498542598
995277360101576705
995280413814853632
995282251612123136
995284572639236096
995286907197247488
995287919974854657
995290679680159745
995291709033603073
995293447451013121
995294880283930624
995297120851841024
995298421211844609
995300024216145921
995301557578207232
995302137306501120
995302964922322944
995303594533498880
995306037354946560
995307011234586624
995308270666616833
995308662938918913
995310050074873856
995311052123406336
995312840553660416
995315705347231744
995316734654603265
995317060220739584
995318155840032768
995319814066491392
995321606972018689
995323464998375425
995324332804108290
995325179801681920
995326093904306177
995326889567969281
995327817582829568
995328842293219334
995329850079698944
995330729117650944
995331845880471553
995333107963318272
995335734973423617
995336763148308485
995338721024192517
995340253786451968
995343919461388288
995345821766967296
995347347751231491
995348774108258304
995350010199003136
995351858993561600
995353538854313984
995394174970155009
995409896412676098
995416096390959104
995420125389119489
995422776092774400
995427371405717504
995433019434520576
995437917366611969
995453962869444608
995455980359094272
995462435292237824
995476304727298049
995483806235754499
995484391186030592
995491583465312257
995502693077708800
995504109796102144
995506982751744000
995508365542469634
995511103269539840
995514301443203073
995516432963260417
995519086116442117
995522819365761024
995525342629687296
995527273892769792
995537827030020096
995545467218989057
995547559325290496
995550518108880896
995551121266675712
995553829092495360
995556999705382912
995558460342272000
995560539261755392
995562571989209089
995565009043378176
995565836944502784
995567416951345152
995569437540483073
995572663241363457
995573534633144320
995575977869824006
995577201612525568
995580489082777601
995582183678136322
995585910203928577
995587859947114501
995588627991334912
995591264874745856
995592574495838208
995595702028955648
995598168615215105
995599419851657216
995603556387512321
995604507794071553
995606407784386560
995613744473497600
995615957430210560
995619272130023424
995651041084497925
995651769031151616
995652413158821890
995654223416217600
995655492549701632
995657830010105856
995659310112870400
995661227199225856
995663022352928768
995664510131286018
995665931060891649
995667080144879617
995669230296141824
995670975466364929
995672698763259905
995675507202187264
995678670198116355
995680578115600384
995681104056201219
995681850583601152
995683086699581440
995684695437402114
995685752586588160
995686718450950144
995687533014024192
995688241385869312
995688891075256321
995689871380447232
995691166099263488
995692310510886912
995694582972276736
995733710740901894
995743002231558150
995750999854927872
995761677630046210
995766158602244103
995771505287073796
995773091757395977
995775485861908480
995777707916103682
995779354050392064
995780249836191744
995781370881478657
995783892731867141
995784707215446019
995785762779140096
995786725254418432
995788419379941377
995790457727746049
995793048583000065
995793714214785024
995794668658089984
995795361003462656
995796559425146881
995798085531062273
995798901264404480
995800082409836544
995801480862068737
995803457641701379
995804437238243329
995805198634364929
995806686895013894
995808781757009921
995812162940567552
995818417448996864
995825409320194048
995826352661155840
995838940816068608
995841148185972736
995850166413545472
995852075186704384
995853367384662016
995855748310732800
995856709888430080
995857737128038400
995860343896399872
995862046716592135
995864547008360449
995866306871250944
995868843598929920
995869169303375872
995870794449346560
995873007443865601
995875784068870144
995877594863226880
995879165927809024
995882330580451328
995883209689886720
995885981705424896
995889203065040896
995899634798284800
995901496872062978
995903216402477056
995904858275373056
995907658963185664
995908906797948928
995910719957848064
995911282816626689
995914819881590785
995917215659646976
995918961362526208
995920263651971072
995923088482193409
995924815759446016
995925808328925189
995927770218795008
995930115711426560
995932212875972610
995934177798311936
995935439310802945
995936148278140928
995937115929284608
995939258396561408
995941300951224320
995942957479026689
995944992521818112
995946110534418432
995950480151973888
995953292160241666
995955548674822144
995957478067228672
995960472200507392
995960979501518849
995962532379668481
995965205074120704
995966599080398848
995970558847258625
995972544074276865
995975058320437248
995976353043316736
995977633920901120
995979278528413696
995979980722057217
995982938876542976
995984810194755584
995986100723347457
995988600922701824
995991641239453696
995998424158867457
996002698691571712
996013083993825280
996019736671670272
996028869831520256
996040643117043716
996045141642182656
996054981412380672
996056620185669632
996058347307786241
996059900378800128
996061157793419264
996064582421700608
996066581972180993
996068879989465088
996069552474779648
996071528407150592
996073573772091392
996077080365486081
996077701390917632
996080651169300481
996082323383881728
996083674662735872
996086083262742528
996086457260498944
996088133539303429
996088773153820672
996089600920772609
996090890010718208
996091171666526210
996092018018471936
996093745744539653
996119947729305600
996130706106568704
996149074993860609
996149440682643456
996151448193912833
996153502085894144
996155388717359104
996158325845872641
996160043933421568
996162110215409664
996164241601318914
996167181531598848
996167545152573440
996169774521610242
996170911689728000
996171436929798145
996187528813301760
996192121945288705
996197407913324544
996201362093432833
996208137475706880
996217817556029443
996220266350104576
996221987574906880
996223667972509697
996225697822765057
996228759387803648
996229404022976514
996231585115590657
996233221967958021
996235429715304448
996237074238984193
996239397275295744
996240802643931137
996247626805841920
996249189708386304
996252039805132800
996254046473347072
996262022907072513
996262846785867776
996265240705761281
996266576444887041
996270362420764672
996273060234846214
996274574412189696
996275627341897728
996277770434088961
996278759006396416
996279492514631685
996281119686488064
996283900015136769
996285124701454338
996286719111639040
996287009554563072
996288359587876864
996290993048702976
996292558547574784
996294228782219264
996297488050073600
996298229414350848
996299293991501824
996299961930338304
996301425956278272
996305044105461761
996306932939067392
996309666148900864
996311982813995013
996314738119401472
996318774360989698
996322626976043008
996325073232584705
996328458312699904
996329723239202817
996332782929502213
996337362132234240
996340094176022528
996342451555241984
996343146501103616
996345270085578758
996346910070931456
996348754453303296
996352711019958272
996361027733409794
996363476313526273
996367969117667328
996375693448630272
996379996150169600
996381021913407488
996392194826293248
996412347651624960
996416425232404480
996419296531288065
996420736284872705
996422553441898497
996423677007794177
996424463863476224
996426448897495040
996427344804970498
996429144798957568
996430371066703872
996432671424372736
996433238049648641
996436262147018752
996437358496055296
996438878641885184
996440307658051584
996442114643955715
996443919297712129
996445189832085510
996446602360512513
996450514492706816
996451291659407360
996452128934842370
996452716925898753
996454000122843144
996454853034610689
996455883562520576
996458876961779715
996463072305909760
996470354230022150
996471629558550529
996474009121411073
996475108133875712
996477792522031105
996488477352124417
996510916844904449
996512868056141825
996513817680076800
996515506927566848
996516774597316609
996518553410064384
996520815775526912
996522293655490560
996525142204395520
996525737745309697
996526710379118592
996527580823113729
996528224673894400
996531903216914433
996532948273979393
996533236200345600
996533510960754688
996535435441725440
996537135166615559
996539160902152192
996541688519839745
996543692881235975
996545002376433664
996547090884030465
996548658542804997
996550403968954369
996553535834738688
996555519539253248
996556523747840001
996558516990238721
996559017790107648
996561584737660928
996563751510921216
996572773450485760
996580758792916992
996582002001371136
996585017831772160
996586129842491392
996587355917225986
996589139905732608
996590633941917701
996593967469907968
996596750151503872
996601691331014657
996608373276766208
996609038791168000
996610017456517125
996615623663865856
996618413752639494
996623075876761600
996624330678243329
996625924694118400
996628285856665600
996629201527693314
996632499529965568
996634122155167744
996635176729014273
996636832422035457
996639799313354753
996640855292342272
996641960592072704
996643707758792704
996647777311576064
996650676871745537
996651121040089088
996654827563298816
996656209972297728
996658324925009920
996660670983794689
996661258354077696
996662159911411712
996663935720968192
996665187489996800
996666567692816384
996668811062530048
996669972100337671
996672420613324800
996674563395280901
996675432807268352
996677382139465728
996681175266623488
996683446859771904
996684735362383872
996687034420006912
996688487150751744
996689870809690113
996691426367954944
996693414040268800
996694081366474753
996696488246960129
996697916185169920
996699948073865217
996701932453531649
996702963736481792
996707358951821314
996709423874748416
996713757517721600
996716940084342784
996722790240800768
996730650127405061
996735237525733376
996737549950443520
996740011658752000
996746110801797120
996775395134406656
996779570606026752
996783315293294593
996784488108711939
996785336993943552
996786253189263360
996788078244220929
996790343428395008
996791015775272960
996793656156794882
996795336868933632
996796692027633664
996798358407794688
996799987232190465
996802068135469056
996803763619946499
996805838965825542
996807181696724994
996808436804411392
996809986180354048
996811834513674240
996812546656096257
996813081224282113
996814430108311552
996815074412163073
996816213618692096
996817320520638465
996818419445051392
996819825786871813
996820985348263936
996823870761000962
996834817189793795
996835650065313792
996841609735139329
996854461346799616
996856615545507842
996873249710575618
996874419258699779
996875380089815040
996877234827874304
996878364081377280
996879371398008833
996880413778989056
996880843816734720
996882251148353537
996883261828853760
996884220382466049
996885146665209856
996886526503071744
996887597904531456
996889099100459009
996890143285014529
996891122109730817
996892248821387265
996893618802741248
996895044488622085
996895631288487939
996895922507444224
996899692163280897
996902979138670592
996905371963883520
996907585981878275
996909624900177921
996910715184218113
996913010693296129
996914552011939847
996922872303116289
996926119369723910
996936375650877441
996940743108366337
996944660206669827
996945401994412035
996946492043747328
996948612381847552
996949464777678848