993023758679052291
993027205998538752
993027698195918848
993029065404813313
993029094542462976
993029334054121472
993029562903744512
993029574987517954
993030199724953600
993030360777809920
993030527601950721
993030860411719681
993031235868987393
993031444074323968
993031949823324160
993031972397244417
993033379120668672
993033714052534272
993034545149693952
993034874234818560
993034942442561536
993036513641451520
993037015582167046
993038477036945408
993041106442051585
993043131397476352
993043264835149824
993043447861927936
993045147322650624
993045938716512256
993046087333302272
993046158628057088
993051864886325248
993053716604444673
993056195324928000
993057959272964096
993060291972870144
993064251228123136
993064303795294208
993069999983153152
993070087291789312
993070339776270336
993070749949755392
993071035875504128
993072459388719104
993075000092577792
993076932223885313
993078280726241281
993081586261340160
993086385618857984
993088004469284864
993089202052042752
993090323789303808
993090825939816448
993091574929264640
993091793507045376
993091889371996160
993093810937847813
993093884526956544
993094486065664000
993097327907819521
993098673063153664
993100844349390848
993101824004505601
993106181395804161
993108975267835904
993110918673256454
993112133209657344
993113011840745473
993113385268064256
993116853798096898
993117942089994241
993119627927543810
993123514914934785
993123801255866371
993125568127348737
993129075467341824
993130456618070016
993131060446859264
993133009556602881
993133293947248642
993133645614518273
993133741479481345
993133776153833474
993135184227823616
993136993914773509
993137730312966145
993138432825229312
993139082778755078
993139195278495744
993139665665486848
993140199692611587
993140469214470145
993141149580890114
993141693934338048
993142112425259008
993145847050330113
993148493316345856
993148583057788935
993150005421662208
993150654511288320
993151487021912065
993151752143851522
993152014417739776
993153863552204800
993169557304020992
993171416177659904
993172136595542016
993172904182460416
993174553613553670
993177375906107392
993178434783326208
993179968485117952
993181542682910722
993181754646323200
993184423888785413
993185017621893120
993185038564020225
993186035621392394
993186479856934912
993186879532158976
993187775229947904
993188604007591937
993195242722594817
993195417214115840
993195475301011457
993203243617603584
993206205869903874
993206436497907712
993206754958872578
993206838035468288
993208417727713280
993208682317049858
993209388394602497
993210559784013826
993217911094464517
993218533243998208
993219245420023808
993220328011726848
993220568114778112
993222499944091648
993225096461504512
993225682342891522
993225790803365888
993240914817683459
993241109072633859
993242090309144577
993242771518566401
993249186723385344
993252173638225921
993260650209120261
993261220919693319
993263373969047552
993263928221356038
993264672160694272
993272613878337536
993273408665333761
993274728398934016
993274755599011840
993296094380679168
993315974559526912
993316556825341952
993320602495746048
993332273616441345
993336285891833856
993340768097128448
993351778820345857
993358622305456130
993364665022533632
993369998948229120
993370702362357761
993378509149138944
993378638795075585
993381147911573504
993384109899681792
993387020662771712
993389445805199361
993390402823770112
993392671841452032
993393404460568576
993394445201625088
993395077522378752
993396080036532225
993400058514169857
993401044515348480
993401225554120704
993402229167181824
993402789463318528
993403042740531200
993403527589498880
993405121856983040
993405284398911488
993405684665540608
993405881445507072
993405899862618112
993406043697885189
993408192255315969
993409223034855424
993409261429379073
993409314768474112
993409719422406656
993409791396630528
993410074885357568
993410442654560256
993410643884683264
993410954472886274
993411066158833665
993411198396895233
993412382415310848
993412985300439040
993414707410362370
993415020615749632
993416236670357504
993419754068234240
993420560377044992
993421144807100416
993421859751424000
993421895486922752
993422002227744768
993422131626233857
993423103991713793
993427990703955968
993432908462546944
993434342151081984
993437089751535622
993439993900290049
993440139861995521
993440353582710784
993441998752362499
993445522072580096
993446061917253632
993446768997224448
993447971994918913
993447987148967936
993448569553276929
993450802202202112
993453429807828992
993456491561709569
993457155708616704
993459336226705409
993460664571019264
993462536459649024
993463740162035712
993467051585949696
993474684082642946
993476507593928706
993478201568526336
993480761813667840
993481525869105154
993483585800888323
993484032896917506
993484484862341120
993485615923712001
993485898355527680
993486142694674432
993486701627629568
993490740792700928
993492755375673345
993494629571063809
993497756172890113
993499227186745344
993501398678556673
993502454913220608
993506929686261761
993507881717850112
993510244444790785
993512448555732992
993515339504934914
993518267452067845
993520784088928257
993520951458398208
993522312040402944
993522682736996354
993523855607193601
993527373000736769
993532464541978624
993532764627570690
993532919733018624
993534386908823554
993535684030840832
993538495791673344
993544515624620037
993544553591435264
993544765676376064
993545359866712064
993546595353485312
993547182161608704
993550876144029696
993553228464828419
993553404386521091
993555405077958656
993556890364805121
993557643984809984
993562669058797568
993566255272644608
993569235430494210
993569779242844160
993569855512203267
993573117871214597
993573995239833602
993574914392240130
993575048358252545
993575079387770885
993576469803696129
993581075128639489
993583821605031936
993586818913390592
993587692695846914
993588358537506816
993592002938851334
993592738263261184
993595844149612544
993603347218423808
993609156425867264
993615697006690305
993617727804919814
993623953833852928
993625124300574720
993625558440275968
993660132239265795
993669569435713537
993717736244236290
993723865632256000
993724276128862208
993732419772706817
993732675545501696
993735756966498305
993736639657758720
993742430334849024
993742695486156805
993744846002143232
993746480547680256
993746503691841546
993747946528178176
993751664678129664
993751870412902400
993752567304908800
993752577023135744
993753046818672640
993753122014154752
993753471580073984
993753768121561088
993754194816520192
993754869747068928
993756117938393089
993756819725213696
993757797543305216
993758101139488768
993760465598779392
993766790844043264
993769569515855877
993771352246059008
993771752630177792
993773880618704896
993774620670033921
993775933067812865
993778023592792064
993778544202452993
993780284381454337
993781780502208514
993782488261709824
993782595476512769
993782664049111040
993782883981709317
993787483421904896
993789156282322944
993790612158595072
993790634673819648
993791044167917568
993791910383890432
993793592316645376
993796149722206208
993796539582746624
993798389832867841
993801531270074368
993809990392733696
993815677264900096
993816548056993792
993819092325986305
993819260882432002
993820567357788160
993821790320381952
993822168206241792
993823533192146944
993825842307399681
993829167652319234
993833245040136193
993834186653032448
993835683616870400
993838782695854080
993841543969730562
993844417877479425
993846964805668864
993850748734652418
993852717884956672
993854310487379969
993854623508189185
993854652079902720
993855577024598016
993856716939898882
993862075985334273
993863426941292548
993868720756940801
993873896637173760
993879528714981377
993879620591259649
993879637364273152
993880204870410240
993880732241223682
993880768777617408
993884766989619201
993885031897751552
993885091062583296
993886291833053185
993887713781866496
993888202787315712
993888571856744448
993888703616516096
993888853734895618
993889527210094592
993890880116461568
993891075579359232
993891141153116162
993891731258204160
993891748115111937
993891824212369408
993891885948301312
993891898799673345
993892099778056194
993892142069309445
993893502877601792
993893740623249408
993894197546704896
993894523259498497
993894930430005248
993894948087967746
993894952596856832
993895344319672327
993895620304830464
993895924324855808
993896467747278850
993897045516791814
993897087774478336
993897451294781440
993898167996477441
993899050742222849
993899319781740545
993900327463276544
993900934366420992
993901896963420160
993903704272265217
993903726132899840
993903811755462661
993905437438332929
993905660046860288
993906065489170433
993906700083253250
993909082691198981
993909143315599360
993909237540679682
993909495838453762
993909547168346118
993909569066864640
993914746918395904
993914760751210501
993917134563627008
993917464227598336
993917922895679488
993918203310034944
993920478199910400
993921200559620096
993925965758844928
993926627745783810
993928192791580672
993928838227906560
993929823117602817
993930024477777920
993931617755455489
993932063958097920
993932925363204096
993932976227483648
993934310133698561
993934927237349377
993936371365621760
993937109013745664
993938824010043395
993939870480551940
993940750030254086
993942428339130374
993942446127099904
993943284706959360
993946363003064322
993953569287131136
993961535583281165
993961740198207496
993963707863617536
993963753149366272
993963959207317504
993964245216833536
993964345427050497
993964680388411392
993967264163598336
993969291107164160
993969541167263744
993970301389111296
993971610708336645
993974037461327872
993974254340321280
993975896246751232
993975898369069058
993976360057090048
993977316077395968
993977496197582848
993977706927751169
993978152723546113
993982488258150401
993985467854000130
993986833590693889
993987266778460160
993988812622704642
993989921210855424
993990509310955520
993990521541615616
993991622009544711
993996868907659265
994005484700164097
994008720177758208
994075024540798977
994090463882825728
994098995629887488
994099787459948544
994100713008615424
994101720916652032
994102017181274112
994103022228856832
994103491974041600
994103807549243392
994104638042525697
994106021302980609
994106300450603008
994106930258939904
994106993479684097
994107352596058113
994107383734505472
994108178358067202
994109364519817216
994110255880687616
994111045810769921
994111175062360065
994111629045444608
994111745936494592
994112147117559809
994115212121960448
994115888302448640
994117956849291264
994118694556065792
994118734406090758
994119675171794944
994119806222774272
994120912977977344
994123443833536512
994125428863438849
994126251471319040
994127871181574144
994130586552893440
994130668933320704
994130700575100928
994131401569198080
994132291374010368
994135857689919489
994138090015948800
994140244747354112
994143954756136960
994146033654484992
994146396205928455
994146836951764992
994150015491891200
994151646379806722
994152287479238657
994155832668557312
994156340800053249
994156695105495041
994157197574668288
994157398490312704
994157821431308288
994157909884973056
994163509943513088
994163654131179520
994164145204457473
994164363488526336
994166274061107200
994166878351384576
994168887053897729
994168999125635072
994169039076327424
994170228060893184
994170314241314816
994171874279075841
994173332194029568
994174633954902016
994175156506554368
994180326644748288
994180480818909191
994181093891993600
994181255162974208
994182605619843072
994182637173473280
994182946088259586
994183816444030976
994184798477447169
994186449808486403
994195027189555200
994197403711492096
990522349526175744
990522765097754624
990523340921167872
990523929574993920
990525171034476544
990527977027985408
990561775920787456
990565725478834176
990571286433845248
990573697084919809
990576362103730176
990577046563835905
990577130982526977
990577227719946241
990578262186364928
990578867025989632
990580693351718912
990583008582356992
990587684748972033
990590974756884480
990591286557147136
990596078092410880
990596399690670087
990597208482381824
990601706483396610
990604974815170561
990605230567055361
990605513888030720
990606383660912640
990606793431834626
990607914221166594
990608832639459328
990609149129117696
990609882058457089
990612923717423104
990616699169902592
990621129659346944
990622528925257729
990623107395317760
990623239985680387
990623389072183296
990623557087584257
990623891579170817
990624617550184448
990627311648165888
990629962108559360
990630812520468480
990633193484292096
990634696001445890
990639096690331648
990639662468345856
990642042844966912
990642196117409792
990642293169410050
990642489412419584
990642637895012352
990642871148662784
990645222446174208
990648627684093953
990649991059464192
990650162925187073
990652505687232517
990653144123113472
990654419632082946
990657083598082048
990658022321082368
990659491258650625
990659650348634112
990660755786752000
990666239428227072
990669538999103488
990671232256434177
990672019414044673
990672442577309699
990672546294059008
990673641078706177
990674824753229824
990675422588252160
990676513610764293
990677951132917760
990681069484675078
990683096315060226
990685167042859008
990689434843734022
990695490378457089
990697256868294656
990698134421626883
990702594627600385
990705724790595584
990705793845612545
990708491789586432
990709741889372160
990709989055647745
990716317861892096
990716450397675526
990720666868559873
990728044104028160
990732021969375232
990732377944190976
990732907416313862
990738967648718848
990784352362508288
990800551872000000
990813026973573120
990825043897745408
990825743650312192
990826198283538432
990828041952784384
990828672167940096
990829778486865920
990835705852186624
990837679767072768
990840837809541120
990841866202599424
990842124605296640
990842247301222401
990846497720815618
990848497699213312
990854316901781505
990855019120345089
990858542033715200
990859482107346944
990859885242961920
990859941958356992
990861974136414208
990862476441997312
990862920669122562
990864966298333184
990865806262140928
990867072426094592
990871396128645120
990871566165606400
990871708793032704
990871930864652288
990871978235105281
990872086133596160
990874469534261248
990876443545612288
990877961804046341
990878070369406976
990878556854128640
990879367273345025
990879395706437632
990880010805370880
990880731126730754
990880843676749824
990881521421766656
990881889585070080
990882395116244992
990882959468191745
990885955316969472
990886365742157824
990888880487444480
990889600712347648
990890474675294208
990891723411853312
990892277810819073
990892942070956033
990893811420327936
990898726016339968
990904052656590848
990904916880261120
990910077300346881
990912844647620608
990912955326791680
990913647793844224
990913659647021056
990914339564552192
990914525514878976
990915170074550272
990917457144672256
990925525949599745
990926824795451392
990932484647944192
990935778250379264
990936892228202496
990937561953685504
990937679851343872
990938047133859840
990938530389151746
990938600123650048
990938743250006021
990939477383270401
990941079716364288
990942061166845953
990942192494669825
990942417246400512
990942596422828032
990943656726188032
990946842899697664
990946991663452160
990948030634446855
990949698033897472
990952629248450562
990953010774896642
990956161288626176
990958001556217856
990958244549021696
990959904000266241
996758174500900864
996762667787476994
996764101664825344
996766740414529536
996769211069460488
996776215058026496
996782189164548096
996782395457245185
996782796654940161
996789449471287296
996800580428451840
996811077869559808
996827383943565312
996839873062604801
996847011486949379
996853796268462080
996865372891512833
996885222514937856
997002851036663808
997003457851740160
997008362792464384
997011777601855489
997017312367702016
997019156670185472
997019890593628160
997020214956093440
997020692469207042
997022076455276549
997022362406195200
997023918820118528
997024484438650880
997024789008080897
997024967702167552
997024982835359744
997035315469651968
997036148944965632
997040641883459584
997043921220984832
997059205336129536
994475462448558080
994478172170280960
994480231732924416
994490874817114112
994495564057317376
994497367092187136
994497695048962049
994498011265994752
994498780291616770
994509463016148993
994515727511179265
994522864438140929
994525527431098368
994528411531075585
994529525772910594
994533880911843330
994546149993406466
994551571932475392
994565971959480320
994566147218575361
994579435981549573
994585601377632257
994592209323331584
994596041717665792
994596662248136704
994601888048975874
994602513788817415
994604315938566144
994610800760418305
994611026896310273
994611159155257346
994616406342799361
994626396340260864
994627235498876935
994632648352989184
994639675276103680
994649410389839872
994655842111770625
994671572001738752
994671680965443590
994691046125731841
994691366696439808
994694901597179905
994701340671664129
994701587154128901
994704977061871616
994707342590660609
994708275529691139
994708560222310400
994814213007839234
994823953003827200
994837643920838656
994837858249781248
994839026015330305
994839372708106241
994849594499448832
994852201108508672
994853353485225984
994855207120134144
994859313607970816
994860150052802570
994864092480458757
994866649261060097
994874271766929408
994879101327507456
994893848596963328
994907954766798848
994908602631688192
994908979074621440
994909864077004801
994915278206234625
994926682338484224
994941088967389184
994949775261880320
994956449553010689
994957202879283205
994961639748395009
994963732676661249
994964443938344961
994980835538407424
994982576099033093
994988561106599936
994990502826127361
994997118896099329
995017692938633216
995025645326487552
995025660602183680
995028064747900928
995030262487674882
995033690685280256
995034120093880325
995039886972514304
995042360521318401
995046680188899334
995052159459831810
995062422091255808
995087849950203904
995198338545913857
995203833063190528
995206771135393792
995209108339986432
995209228712366086
995211083047735296
995224057426554881
995226148744384512
995234233785479168
995235234164695040
995237363403157505
995238919770918912
995247307590389760
995260187748524033
995275852949671936
995276151785447426
995279926436614144
995283962447659008
995312639755587584
995314436062707713
995317151308439552
995323210093690881
995325726562844673
995350567198306311
995369801278205952
995375009056088064
995381299266408448
995386638799986689
995389900374642688
995392237373657089
995392565259198465
995393744722628615
995395305985269760
995398766403440642
995409390286049281
995416114736791556
995422403277787136
995429014918631424
995433967728898049
995550876008943616
995554042964307970
995554126485508096
995589772092592128
995590220690132992
995594355221106693
995596160596365312
995597111902244864
995597907914092544
995598552398213121
995601895766089728
995608570027741184
995621658101764096
995627500339376128
995649313333305345
995649769073709056
995680182601166848
995687612794003457
995707494247870464
995739576953163777
995739620028637184
995740845658787845
995742225488367618
995743486187069442
995746795639705600
995908466610003969
995933280364089344
995934205233238016
995937201237254144
995937547107946496
995945598959448065
995947266568531968
995947670287081472
995957177360633856
995958559560097792
995961525423804416
995972586390675460
995977299324522496
995979283993526272
995984651045998593
995990243445825537
996025388840169472
996037470117683201
996047526838067200
996064041335427072
996064133186490368
996066563697659904
996070940806205440
996072260204154880
996078209878904832
996080483841830912
996085874780725251
996091183402274816
996098004292653056
996101651219009538
996110786748698632
996117356698132481
996124338125443073
996129055731781634
996131413236822016
996137561025335296
996139468007596037
996286536378454016
996286768696709120
996287007088431105
996287032036151296
996287316363706368
990259398047092736
990259988978438149
990260385625329665
990270519181283328
990271051853697025
990272271687344128
990279267098513408
990279749330227200
990282340848099329
990283578977157121
990284183489646592
990284356030730240
990285525520207872
990287382313406464
990287639222870016
990289159964119041
990290446428536832
990291004367495169
990292500374933504
990295010854744064
990297810284285953
990298982579625984
990302277457055744
990302600963723264
990304882379907072
990309259786293248
990309944640581633
990311243079716865
990311382913515520
990314871047774209
990318938767740928
990323264839876618
990323854374514688
990323958691041280
990325621971734528
990330851232763909
990334397839798272
990343183988084736
990347281210789888
990347503903084544
1001935028127809536
1001953958854873090
1001956613463461889
1001956981530353664
1001988694738456577
1001989748200738818
1002061753465831424
1002066220152127488
1002077827125207041
1002078542413299712
1002084251779596289
1002089205957320704
1002090322338476032
1002097351106838528
1002098422856540160
1002098701228302336
1002099288783114243
1002099883686400000
1002100703366664192
1002101135870701568
1002103198373613568
1002107692830416896
1002108980011945985
1002109229040394240
1002109830755217408
1002110858619768832
1002110899031769088
1002110948822351872
1002111000047509504
1002111149721182208
1002111908479209472
1002112002007986176
1002112461628112896
1002113905127288832
1002114601281052672
1002114677076365312
1002115634027692033
1002116500159913984
1002116609786474496
1002117319269679104
1002118268310695937
1002137633961709569
1002139998714548225
1002158162219360257
1002177382453796864
1002195698467725313
1002201465723727873
1002213342973489157
1002217633587126272
1002218660960833536
1002220107710586886
1002222075015245825
1002223943456083969
1002239162303557632
1002245044412272643
1002245759855669248
1002247490576535554
1002247906462720000
1002250436508823552
1002250912973377536
1002255328224755717
1002261226116866049
1002267984839225344
1002275775993786368
1002277699661033472
1002286093566230528
1002291658195656704
1002304715655450624
1002371970833506306
1002443217038643200
1002448589640097792
1002455484463566849
1002464404003311616
1002469365755908096
1002470193082363906
1002471196938723333
1002471902160486400
1002472378406965248
1002472485802176512
1002474360538587137
1002476785374760960
1002477787557629952
1002481021818990593
1002481339201916928
1002482133649252354
1002495243198099456
1002504991465246720
1002505681654644736
1002522534007459840
1002536632942292992
1002539955053383685
1002545567367606272
991277793500594177
991281058900533248
991283186486345729
991284718418132992
991291930532335616
991292848359305217
991292983113932802
991294424729706499
991297904701792256
991298836953030656
991299123814027264
991301635648425984
991301714656546816
991302844232876039
991303566353723392
991304961458888706
991307837698658305
991309070320758785
991309364689547269
991310567855009792
991313965744615424
991320797091454976
991321372595978240
991322022847315968
991322876778344448
991323224297361409
991327381817212929
991328081884393473
991329539283406849
991329668346404864
991331018497019904
991331295711105025
991332414080344064
991334972131864576
991335357882011649
991336194142298112
991336508006289416
991336719529078784
991337372339064832
991345590784135168
991346290012209152
991350059307622401
991350083617615872
991350277763612672
991351087633285121
991351729080938496
991352850025508864
991353140934053888
991354716822044673
991358910488444928
991359104634576897
991359986843443206
991361042465902593
991363969142140930
991365463237111810
991368016205176833
991368914264379392
991370551384997889
991374924416782341
991377348451856387
991377540039274496
991379677636890624
991380055984148488
991380724191322112
991381688700817408
991383018332938241
991384004602540039
991384499136102400
991385578687037443
991385948788350976
991385984817422336
991388324488151040
991388696489480194
991388821152464896
991390434172833798
991392912465432577
991393163725111296
991393705624993793
991393834461548544
991395280338681856
991397418213265408
991398680195485696
991399577835196416
991400342972755968
991400951012646912
991401365338509313
991401801462231040
991402399804903425
991403598159413249
991420267745435650
991420339845558273
991421130274689024
991421942098874369
991422333595324416
991423367658983424
991423561620508672
991424117017600005
991424356420145152
991425909151412225
991428571322253312
991428591379509249
991428677043982343
991429555171704839
991429996253151233
991434430857302017
991438945731956737
991439027818639360
991439129371185153
991441191861411845
991441818159108097
991441912610611206
991447699273723904
991448468597149697
991449321752154112
991449421928943617
991450102580604929
991450860105412608
991454240743669761
991458066125217792
991460158575398912
991462700210311169
991469870352162816
991469942074691585
991499040771670016
991508125281914880
991522390239662080
991541822810918918
991546734307196928
991551381105463298
991552771282391040
991553113197867008
991556173626265600
991559147761086464
991559237275922433
991561279742644224
991561731058159616
991562290557325312
991562624130277377
991563060845391872
991563322146291713
991564716349804544
991564781911003136
991565031413346304
991565073024995328
991565390227623936
991565407713624065
991566875061620737
991567037548892161
991567175898091520
991567737460752385
991568056060203010
991570451422990341
991571141075656704
991571330242891779
991574104200400896
991575222871576576
991575548265672705
991576489345863680
991576595109474304
991577089613750272
991577244438016001
991577317871931392
991577611313844224
991577826464813056
991578375901908993
991578411972939777
991578582400020480
991580067703738369
991580397522817024
991580795931385856
991581076123365377
991581542542663680
991582954630602752
991584232043700224
991585921349931008
991585975431200768
991586251596861440
991586306491854848
991586596939091968
991587549226393600
991587915447914496
991587965888614401
991588101641441280
991588868439846912
991589429818089472
991591187609014274
991591920454569984
991592047759904768
991592051690045440
991592427730472960
991593368869376001
991594352387510272
991594750317916160
991594936121413633
991595695764393984
991597105738407936
991598085217443840
991598101684158465
991598308123709440
991598461459058690
991598674026418176
991599848423149568
991600146591961089
991600206016851969
991600417153970181
991600943669170176
991602105147428865
991602565610655744
991603341032673280
991608112720343041
991608499825270785
991610373760606208
991610658050510848
991610959868383232
991611377243578368
991612448208773120
991612885133643776
991613435828940801
991614217013874688
991614982453387265
991615219234410497
991615267015987200
991615667555262465
991616059223527424
991617754494103552
991618626569547776
991622759242436608
991623240652124160
991623954661040128
991625090919010304
991625447397044224
991626295523139584
991628130879180800
991628300987625472
991629448754663424
991631232642572288
991634088556662784
991640169014013952
991642304225177602
991645443502288897
991646064586448896
991647215373438977
991649980657041408
991654081516228608
991654636544299011
991655095690555392
991656192035434496
991657423344754689
991659184566493185
991659316435476480
991660732839325696
991661202609713152
991663345194299397
991664600763559937
991669356516999168
991670749801930752
991671746477613056
991673511189114880
991673653107585025
991675100708720645
991681851600367616
991682003073454080
991682820413317121
991684444351356929
991691844051402752
991692099379695616
991692852274122752
991693090976075776
991693253299916801
991695367849873409
991700740145123329
991700999055249408
991701570801696768
991702301722251264
991703265212555264
991703500726898688
991706370364854273
991706646438170625
996307456715317248
996307504274530304
996308704642252800
996309979891142657
996311370873409536
996312632838770688
996314517108875265
996314597626957825
996315549536833537
996316119282716672
996318233610326018
996321079433056256
996322036258607104
996322449896681472
996335583768268800
996338298862874624
996347874408529920
996349063590277121
996353273199284224
996357925743550466
996370540477612032
996373813423165441
996381206538317824
996383506266820609
996395133691154432
996400324435902464
996406135300280325
996417570382188545
996419618934751232
996423763968348161
996429835638661120
996430328653910017
996431013378252801
996435725229936642
996440430433751040
996441640624631808
996446188269457408
996449434551640064
996455312310882304
996455600367300608
996465042303447040
996473286266671104
996478772164616193
996479256728358912
996481179590283265
996482032304877568
996483383747280904
996487328460955651
996494487127019525
996502987517374464
999220656263790598
999223607082405888
999225761008685056
999232944203096064
999236084155502592
999256758035021825
999259500111650816
999265195288616960
999271733877182464
999277246841049090
999283712922701825
999284824350298112
999289768025391104
999295689808113664
999295912945037317
999300769307398145
999302390296797184
999319528298418177
999320458448261120
999321507439529984
999329487799160833
999344806315819008
999347766185943040
999355516806672389
999356026943168512
999369069118873600
999374821015289857
999381937465720832
999382117170675713
999387181524406273
999392959962415104
999393609140011008
999398816133464064
999400123535937536
999417693290803200
999424198790524928
999424840707829761
999425743821135872
999426698084077568
999508927774588928
999544473636999168
999547186286415874
999556866379276288
999570458348523522
999575268481273856
999579635313795073
999579807573860353
999585549588590593
999593857624018944
999601493975199745
999615933793652736
999621565900886016
999622352718761985
999631706448629760
999633170197811200
999633387232137216
999634909294747655
999635984127070209
999657343649566726
999962510651424768
999968989848760320
999980467381264384
999990794437251072
999991087061176321
1000009820790050816
1000017443564281858
1000023362540883968
1000027547223158786
1000029070913097728
1000031243705167872
1000037849897558016
1000042692527689728
1000043048762474497
1000045230110986240
1000047249559343104
1000049200841703425
1000050347522625536
1000050742953201664
1000053382701289472
1000056039469875200
1000058479338508288
1000059401061969920
1000061299202711552
1000066420900810753
1000075423429091328
1000079372517244929
1000079695449329665
1000081856912642048
1000084026881867776
1000091894032908288
1000093704135340032
1000093955185434625
1000101488855846912
1000103478138720256
1000108552864915457
1000110315860905984
1000112886415548416
1000117022578151424
1000122312765722624
1000131408063598593
1000135500521451521
1000262046863233024
1000262759160856577
1000262928543698944
1000291288917446656
1000299996930019328
1000304686388432897
1000306847151284224
1000308057056862208
1000309866697719809
1000319922042474496
1000323103782834176
1000326361540591616
1000333871425220608
1000358282282831874
1000368213711097856
1000370203459575808
1000370996887609345
1000371260004732928
1000371320738275329
1000389254575468544
1000392482495127552
1000393621022035968
1000395630215401472
1000399699961110530
1000430659595374593
1000439854898008064
1000457178782797824
1000464014110011394
1000475891670142976
1000476044225265664
1000481441464115200
1000505967870652419
1000589303402164225
1000624625594912768
1000627668310687745
1000637828437630976
1000641596940062720
1000641910317469698
1000658193570201603
1000667132085047297
1000673739355377665
1000674455004307456
1000682860448186368
1000689864420020224
1000694547184308224
1000694613219463168
1000701790625689600
1000719163931971584
1000720630885572609
1000721430684819456
1000728431007551488
1000731121938726912
1000732007905800192
1000735252200001536
1000737580130988038
1000771291576766464
1000771937260441600
1000777645049737216
1000779163471634434
1000782775778271237
1000797232608829441
1000804938845425666
1000809701070790662
1000844727929966592
1000846857797558274
1000909529729634305
1001004070977536000
1001004857896128512
1001008932599615488
1001010188604923904
1001013829545971712
1001014510549860353
1001015619171610624
1001018228443926528
1001018599258099713
1001022942283730946
1001024932527173632
1001029047177097216
1001032094435414016
1001066487900143616
1001072386081542145
1001074970640945152
1001109661871943680
1001120359389782016
1001123846899077120
1001124492305936385
1001144713922121728
1001145337887813635
1001177705059102723
1001195662095024129
1001196222374400001
1001197928692805632
1001201711908782080
1001201814287593472
1001201893346029571
1001202853292146688
1001204024283197445
1001205215650041858
1001206482271129600
1001206659182624768
1001208015205359616
1001210937074946049
1001215309007802368
1001225361827524608
1001232459533619201
1001253575249551361
1001262022573592576
1001303847636172801
997225747361120256
997231922496655360
997236830104932359
997240143546331139
997245112886464512
997259809572446208
997362861277106176
997365026980814848
997370474404483073
997372760404905985
997375523390197760
997376993690898432
997377137324703745
997377986109329408
997378814882799617
997379901912166401
997380640612995072
997382037148487680
997382641459564544
997385720506585089
997386307960823809
997387383493611520
997389020257767424
997391076368494592
997391534260654080
997394752214618112
997395760667877376
997396247681163265
997396720676896768
997397434698379264
997399213058199552
997401939993419776
997407609371144192
997408583401828352
997409988648849409
997410970707382272
997416873582120961
997426262124695553
997447183057195009
997451196372832256
997452193178497024
997453008286965760
997458532009160704
997470113686310912
997477405945024512
997483712362287104
997498507350216704
997500406585614336
997502705441689600
997509913814487040
997521609903759360
997522887593611264
997527003099287552
997529952944869376
997529952944869376